0 0.4078125 0.39861111111111114 0.015625 0.058333333333333334
0 0.152344 0.388889 0.017188 0.044444
0 0.221094 0.468056 0.054688 0.130556
0 0.259375 0.426389 0.031250 0.080556
0 0.181250 0.397222 0.021875 0.050000
4 0.301563 0.387500 0.015625 0.041667
4 0.32109375 0.39861111111111114 0.0203125 0.05277777777777778
4 0.654688 0.481944 0.053125 0.119444
4 0.538281 0.400000 0.014062 0.038889
4 0.567187 0.437500 0.028125 0.075000
4 0.571875 0.404167 0.009375 0.041667
3 0.584375 0.420833 0.015625 0.052778
3 0.396875 0.411111 0.021875 0.055556
3 0.209375 0.405556 0.018750 0.061111
1 0.474219 0.387500 0.007812 0.030556
1 0.450781 0.388889 0.007812 0.033333
2 0.245312 0.373611 0.015625 0.052778
2 0.182031 0.363889 0.014063 0.038889
