1 0.480469 0.337500 0.010938 0.041667
1 0.131250 0.422222 0.056250 0.138889
2 0.746875 0.331944 0.015625 0.052778
2 0.568750 0.358333 0.018750 0.088889
2 0.357031 0.322222 0.010937 0.055556
2 0.826562 0.362500 0.028125 0.091667
2 0.172656 0.326389 0.023438 0.075000
2 0.542188 0.327778 0.009375 0.055556
2 0.551562 0.343056 0.018750 0.069444
2 0.580469 0.390278 0.042188 0.147222
3 0.906250 0.370833 0.021875 0.058333
3 0.431250 0.363889 0.025000 0.061111
3 0.910156 0.456944 0.079687 0.152778
3 0.225000 0.326389 0.018750 0.047222
3 0.634375 0.350000 0.018750 0.044444
3 0.930469 0.395833 0.023438 0.086111
3 0.625781 0.331944 0.010937 0.030556
3 0.766406 0.348611 0.017188 0.041667
3 0.352344 0.338889 0.017188 0.044444
