3 0.06588541666666665 0.5018518518518518 0.109375 0.18611111111111112
2 0.4513020833333333 0.3898148148148148 0.017708333333333392 0.06111111111111111
3 0.2067708333333333 0.3902777777777778 0.020833333333333325 0.050925925925925875
2 0.5005208333333333 0.4129629629629629 0.0375 0.11296296296296301
3 0.09609375 0.40648148148148144 0.03229166666666665 0.08148148148148143
4 0.3122395833333333 0.41805555555555557 0.0322916666666667 0.08518518518518524
3 0.4234375 0.4125 0.0171875 0.06759259259259254
0 0.40625 0.4217592592592592 0.029166666666666653 0.07777777777777778
0 0.35416666666666663 0.3981481481481481 0.01875 0.05277777777777778
0 0.04973958333333333 0.3643518518518518 0.011979166666666662 0.030555555555555555
0 0.03098958333333333 0.3625 0.0125 0.027777777777777776
3 0.11796875 0.36620370370370364 0.009375 0.022222222222222223