3 0.275781 0.397222 0.026562 0.066667
3 0.571094 0.388889 0.014062 0.038889
3 0.598437 0.386111 0.009375 0.038889
3 0.697656 0.391667 0.017188 0.038889
3 0.385937 0.397222 0.025000 0.061111
3 0.471875 0.391667 0.018750 0.050000
3 0.660937 0.400000 0.018750 0.050000
3 0.128906 0.366667 0.020313 0.050000
3 0.525000 0.404167 0.021875 0.058333
3 0.406250 0.377778 0.015625 0.038889
3 0.265625 0.359722 0.012500 0.036111
3 0.587500 0.397222 0.018750 0.050000
3 0.434375 0.383333 0.015625 0.044444
3 0.321875 0.383333 0.018750 0.050000
3 0.152344 0.379167 0.023438 0.058333
3 0.502344 0.381944 0.014063 0.036111
