2 0.414844 0.377778 0.007812 0.027778
2 0.703906 0.488889 0.057812 0.272222
2 0.641406 0.595833 0.148438 0.480556
2 0.704687 0.488889 0.056250 0.272222
2 0.287500 0.377778 0.015625 0.044444
2 0.573438 0.441667 0.075000 0.200000
3 0.439844 0.380556 0.010937 0.033333
3 0.482812 0.383333 0.012500 0.027778
3 0.488281 0.380556 0.007812 0.027778
3 0.098437 0.359722 0.015625 0.036111
3 0.320312 0.373611 0.012500 0.030556
3 0.343750 0.379167 0.015625 0.036111
3 0.364062 0.377778 0.012500 0.033333
3 0.353125 0.372222 0.009375 0.027778
3 0.287500 0.377778 0.015625 0.044444
3 0.258594 0.369444 0.014062 0.038889
3 0.406250 0.377778 0.009375 0.027778
3 0.284375 0.369444 0.009375 0.033333
3 0.187500 0.361111 0.012500 0.033333
3 0.164844 0.368056 0.017187 0.041667
3 0.425000 0.381944 0.012500 0.036111
3 0.415625 0.377778 0.006250 0.027778
