0 0.576563 0.329167 0.009375 0.030556
0 0.586719 0.334722 0.014062 0.041667
0 0.989844 0.395833 0.017188 0.086111
0 0.524219 0.365278 0.020313 0.080556
0 0.547656 0.397222 0.054688 0.122222
0 0.616406 0.344444 0.020313 0.050000
4 0.439844 0.333333 0.017187 0.038889
4 0.419531 0.341667 0.023438 0.050000
4 0.824219 0.398611 0.070312 0.119444
4 0.114844 0.397222 0.070312 0.127778
4 0.272656 0.358333 0.026562 0.077778
4 0.664062 0.366667 0.037500 0.077778
4 0.457031 0.326389 0.014062 0.030556
3 0.716406 0.355556 0.023438 0.055556
3 0.325000 0.352778 0.021875 0.061111
1 0.299219 0.447222 0.051563 0.188889
