4 0.4578125 0.5847222222222223 0.05833333333333339 0.12129629629629635
4 0.5640625 0.47731481481481475 0.021875 0.06111111111111111
2 0.19765625 0.4152777777777778 0.016666666666666673 0.04537037037037032
0 0.6953125 0.4629629629629629 0.01875 0.05277777777777778
3 0.8463541666666666 0.4699074074074074 0.022916666666666786 0.05462962962962968
0 0.28125 0.41620370370370363 0.011979166666666697 0.03611111111111111
0 0.41171875 0.4231481481481481 0.0109375 0.025
0 0.9294270833333332 0.49675925925925923 0.033333333333333215 0.07129629629629634
2 0.25416666666666665 0.40555555555555556 0.0140625 0.04074074074074079
3 0.3684895833333333 0.4231481481481481 0.0125 0.03240740740740746
0 0.91640625 0.4685185185185185 0.019270833333333216 0.05555555555555555
2 0.46484375 0.4111111111111111 0.016145833333333394 0.03981481481481476
0 0.9260416666666667 0.4847222222222222 0.03229166666666679 0.07777777777777778
4 0.31328125 0.41388888888888886 0.011458333333333303 0.03148148148148143
0 0.38697916666666665 0.412037037037037 0.013541666666666697 0.022222222222222223
3 0.8541666666666666 0.46759259259259256 0.0203125 0.05277777777777778
2 0.24088541666666666 0.3972222222222222 0.0109375 0.03240740740740746
2 0.346875 0.412037037037037 0.011458333333333303 0.025
3 0.2703125 0.4111111111111111 0.011458333333333303 0.03333333333333333