1 0.441406 0.611111 0.110938 0.338889
1 0.510938 0.334722 0.009375 0.036111
1 0.296875 0.381944 0.034375 0.130556
2 0.811719 0.341667 0.023438 0.077778
2 0.096875 0.358333 0.034375 0.088889
2 0.565625 0.323611 0.009375 0.047222
2 0.577344 0.337500 0.017188 0.063889
2 0.014063 0.370833 0.028125 0.113889
2 0.256250 0.337500 0.018750 0.063889
2 0.397656 0.325000 0.007812 0.050000
2 0.594531 0.348611 0.014062 0.075000
2 0.609375 0.366667 0.031250 0.111111
2 0.640625 0.323611 0.009375 0.030556
2 0.751563 0.319444 0.012500 0.044444
3 0.845313 0.398611 0.043750 0.102778
3 0.292969 0.334722 0.014062 0.036111
3 0.134375 0.494444 0.103125 0.205556
3 0.496875 0.356944 0.018750 0.052778
3 0.648438 0.338889 0.015625 0.038889
3 0.882031 0.363889 0.029687 0.066667
3 0.640625 0.323611 0.009375 0.030556
3 0.767187 0.325000 0.009375 0.022222
3 0.402344 0.341667 0.014062 0.038889
3 0.767969 0.345833 0.020312 0.058333
