1 0.719531 0.504167 0.082813 0.258333
1 0.682813 0.305556 0.018750 0.050000
2 0.017188 0.381944 0.034375 0.241667
2 0.933594 0.336111 0.045313 0.122222
2 0.819531 0.312500 0.029687 0.086111
2 0.150781 0.338889 0.057813 0.144444
2 0.971094 0.293056 0.017188 0.058333
2 0.727344 0.288889 0.017188 0.055556
2 0.521875 0.290278 0.018750 0.063889
2 0.812500 0.293056 0.012500 0.036111
2 0.363281 0.304167 0.026563 0.091667
3 0.755469 0.345833 0.032813 0.080556
3 0.812500 0.293056 0.012500 0.036111
3 0.399219 0.301389 0.020313 0.058333
3 0.896875 0.316667 0.025000 0.055556
3 0.545312 0.311111 0.018750 0.050000
