0 0.160156 0.427778 0.048438 0.116667
0 0.385156 0.380556 0.017187 0.066667
0 0.084375 0.368056 0.018750 0.052778
0 0.032813 0.526389 0.065625 0.236111
0 0.103125 0.381944 0.021875 0.063889
4 0.542188 0.381944 0.015625 0.047222
4 0.262500 0.368056 0.015625 0.047222
4 0.279687 0.380556 0.021875 0.061111
4 0.760156 0.536111 0.095313 0.205556
4 0.582031 0.395833 0.017187 0.058333
4 0.591406 0.438889 0.042188 0.100000
3 0.368750 0.400000 0.028125 0.072222
3 0.607031 0.411111 0.017188 0.066667
3 0.126562 0.393056 0.031250 0.080556
1 0.468750 0.368056 0.009375 0.036111
1 0.440625 0.368056 0.009375 0.036111
2 0.202344 0.352778 0.020312 0.061111
2 0.132031 0.347222 0.017187 0.055556
