2 0.068750 0.337500 0.015625 0.041667
2 0.106250 0.340278 0.012500 0.036111
2 0.212500 0.347222 0.012500 0.044444
2 0.136719 0.341667 0.007812 0.033333
2 0.244531 0.348611 0.007812 0.036111
2 0.288281 0.351389 0.007812 0.030556
2 0.157031 0.344444 0.010938 0.033333
2 0.323437 0.354167 0.009375 0.036111
2 0.258594 0.350000 0.010937 0.038889
2 0.367188 0.356944 0.009375 0.036111
2 0.199219 0.345833 0.010937 0.041667
3 0.314063 0.415278 0.037500 0.086111
3 0.949219 0.811111 0.098437 0.372222
3 0.054688 0.380556 0.031250 0.066667
3 0.129688 0.373611 0.025000 0.058333
3 0.555469 0.438889 0.042187 0.100000
3 0.461719 0.444444 0.045312 0.111111
