0 0.407813 0.400000 0.043750 0.105556
0 0.433594 0.370833 0.023438 0.075000
4 0.960938 0.872222 0.075000 0.216667
4 0.225781 0.393056 0.048437 0.108333
4 0.253125 0.366667 0.028125 0.077778
4 0.682813 0.379167 0.028125 0.075000
4 0.782031 0.416667 0.054688 0.116667
3 0.857031 0.466667 0.085938 0.155556
3 0.334375 0.452778 0.068750 0.161111
1 0.527344 0.359722 0.017187 0.058333
1 0.568750 0.356944 0.012500 0.052778
2 0.111719 0.336111 0.026563 0.077778
2 0.18411458333333333 0.3421296296296296 0.03489583333333335 0.09537037037037031
