0 0.818750 0.554167 0.090625 0.202778
0 0.249219 0.354167 0.017187 0.041667
0 0.224219 0.362500 0.014063 0.052778
0 0.229687 0.376389 0.028125 0.075000
0 0.461719 0.448611 0.045312 0.119444
4 0.005469 0.351389 0.010937 0.058333
4 0.185156 0.580556 0.129688 0.311111
4 0.128125 0.436111 0.062500 0.144444
4 0.0796875 0.34305555555555556 0.021875 0.04722222222222222
3 0.017969 0.401389 0.035937 0.102778
3 0.3234375 0.40555555555555556 0.0375 0.08888888888888889
2 0.903125 0.691667 0.190625 0.611111
