0 0.31953125 0.43981481481481477 0.0442708333333333 0.10092592592592588
0 0.5614583333333333 0.4097222222222222 0.022395833333333393 0.06111111111111111
0 0.4625 0.3958333333333333 0.019270833333333393 0.05370370370370365
0 0.9557291666666666 0.4166666666666667 0.018229166666666786 0.04629629629629635
0 0.6716145833333333 0.39120370370370366 0.013541666666666608 0.037037037037036986
0 0.75859375 0.4111111111111111 0.02083333333333339 0.05462962962962968
0 0.7473958333333333 0.39629629629629626 0.011979166666666607 0.035185185185185236
0 0.61328125 0.38796296296296295 0.013541666666666608 0.04074074074074079
0 0.6091145833333333 0.38657407407407407 0.015625 0.03796296296296302
2 0.8424479166666666 0.38935185185185184 0.0078125 0.024074074074074126
2 0.8270833333333332 0.38657407407407407 0.008854166666666784 0.025925925925925873
2 0.8182291666666666 0.38796296296296295 0.00625 0.025925925925925873
2 0.9809895833333332 0.3981481481481481 0.010416666666666786 0.026851851851851904