3 0.41484375 0.4777777777777778 0.08489583333333339 0.1703703703703703
0 0.50234375 0.40648148148148144 0.027083333333333393 0.075
2 0.5640625 0.38703703703703696 0.0234375 0.07962962962962969
0 0.17421875 0.41805555555555557 0.04322916666666665 0.10277777777777777
4 0.7783854166666666 0.47268518518518515 0.0703125 0.15
0 0.8708333333333332 0.46203703703703697 0.058333333333333216 0.14259259259259255
3 0.28072916666666664 0.40324074074074073 0.030729166666666696 0.07592592592592587
4 0.0765625 0.39629629629629626 0.03125 0.08055555555555556
2 0.01875 0.43657407407407406 0.0375 0.21481481481481476
3 0.76171875 0.4351851851851852 0.030208333333333393 0.10833333333333334
2 0.99296875 0.4574074074074074 0.0140625 0.14351851851851857
4 0.7770833333333332 0.4532407407407407 0.0640625 0.13518518518518524
2 0.9921875 0.4268518518518518 0.015625 0.2092592592592592