1 0.750781 0.338889 0.007812 0.027778
1 0.8390625 0.3597222222222222 0.015625 0.041666666666666664
1 0.737500 0.409722 0.034375 0.091667
2 0.505469 0.415278 0.064062 0.180556
2 0.003125 0.420833 0.006250 0.013889
2 0.639844 0.368056 0.026562 0.086111
2 0.475000 0.341667 0.018750 0.066667
2 0.683594 0.330556 0.010938 0.038889
2 0.689063 0.345833 0.015625 0.052778
2 0.658594 0.356944 0.017188 0.069444
2 0.877344 0.330556 0.010938 0.038889
3 0.776563 0.379167 0.021875 0.052778
3 0.782812 0.336111 0.009375 0.027778
3 0.492969 0.376389 0.017188 0.069444
3 0.619531 0.343056 0.014062 0.036111
3 0.980469 0.420833 0.035937 0.086111
3 0.078906 0.430556 0.073438 0.150000
3 0.262500 0.363889 0.028125 0.072222
3 0.378125 0.345833 0.018750 0.047222
3 0.670313 0.331944 0.009375 0.025000
3 0.811719 0.345833 0.014062 0.030556
