0 0.275000 0.429167 0.037500 0.091667
0 0.444531 0.394444 0.014062 0.061111
0 0.180469 0.381944 0.017187 0.047222
0 0.211719 0.483333 0.067187 0.155556
0 0.203906 0.391667 0.020312 0.055556
4 0.584375 0.395833 0.015625 0.041667
4 0.334375 0.383333 0.015625 0.044444
4 0.352344 0.391667 0.020313 0.055556
4 0.740625 0.504167 0.068750 0.147222
4 0.620313 0.406944 0.015625 0.052778
4 0.623437 0.437500 0.034375 0.091667
3 0.639844 0.420833 0.017188 0.058333
3 0.432812 0.411111 0.025000 0.061111
3 0.235156 0.402778 0.023438 0.066667
1 0.490625 0.383333 0.009375 0.033333
1 0.516406 0.383333 0.007812 0.033333
2 0.2809895833333333 0.36851851851851847 0.0203125 0.05740740740740746
2 0.216406 0.361111 0.014063 0.050000
