0 0.683594 0.359722 0.029688 0.058333
0 0.341406 0.365278 0.026562 0.063889
0 0.062500 0.409722 0.068750 0.130556
0 0.396875 0.355556 0.018750 0.050000
0 0.602344 0.373611 0.042187 0.075000
4 0.551562 0.355556 0.021875 0.055556
4 0.882812 0.395833 0.050000 0.097222
4 0.923438 0.373611 0.034375 0.069444
4 0.521875 0.468056 0.075000 0.180556
3 0.827344 0.422222 0.051563 0.116667
3 0.483594 0.393056 0.035938 0.091667
3 0.263281 0.376389 0.035938 0.080556
2 0.524219 0.341667 0.023438 0.061111
2 0.495312 0.356944 0.021875 0.086111
