0 0.167187 0.434722 0.043750 0.097222
0 0.071094 0.386111 0.020313 0.050000
0 0.093750 0.495833 0.081250 0.175000
0 0.096875 0.390278 0.015625 0.041667
0 0.3546875 0.3958333333333333 0.01875 0.06388888888888888
4 0.496875 0.391667 0.018750 0.044444
4 0.642969 0.494444 0.064063 0.144444
4 0.256250 0.394444 0.025000 0.055556
4 0.235937 0.384722 0.018750 0.047222
4 0.531250 0.434722 0.034375 0.091667
4 0.531250 0.402778 0.018750 0.050000
3 0.339063 0.411111 0.028125 0.061111
3 0.403906 0.380556 0.010937 0.033333
3 0.550000 0.415278 0.015625 0.058333
3 0.126562 0.406944 0.031250 0.069444
3 0.428906 0.379167 0.010937 0.030556
2 0.18020833333333333 0.3675925925925925 0.01875 0.05925925925925925
