2 0.015625 0.441667 0.015625 0.011111
2 0.885156 0.304167 0.017188 0.058333
2 0.055469 0.418056 0.110937 0.269444
2 0.400781 0.369444 0.039062 0.116667
2 0.515625 0.326389 0.021875 0.080556
2 0.967969 0.326389 0.026562 0.086111
2 0.667969 0.309722 0.017187 0.058333
3 0.480469 0.351389 0.026563 0.063889
3 0.532031 0.393056 0.045312 0.097222
3 0.550000 0.325000 0.018750 0.050000
3 0.757031 0.562500 0.129688 0.297222
3 0.846875 0.456944 0.100000 0.175000
3 0.842187 0.356944 0.028125 0.075000
3 0.721875 0.343056 0.025000 0.058333
3 0.950000 0.320833 0.018750 0.047222
3 0.808594 0.327778 0.020312 0.050000
3 0.771875 0.316667 0.015625 0.038889
