3 0.863281 0.506944 0.007812 0.041667
3 0.743750 0.490278 0.015625 0.041667
3 0.721875 0.481944 0.015625 0.036111
3 0.852344 0.511111 0.017188 0.044444
3 0.603125 0.454167 0.012500 0.030556
3 0.929688 0.525000 0.018750 0.044444
3 0.653125 0.479167 0.018750 0.047222
3 0.896875 0.509722 0.015625 0.036111
3 0.500781 0.441667 0.014062 0.044444
3 0.571094 0.463889 0.017188 0.050000
3 0.992969 0.530556 0.010937 0.038889
3 0.771094 0.502778 0.020312 0.050000
3 0.621094 0.463889 0.014063 0.038889
3 0.703906 0.475000 0.014062 0.033333
3 0.796094 0.490278 0.014062 0.036111
