0 0.4734375 0.4 0.478125 0.4083333333333333 0.4796875 0.425 0.4828125 0.4361111111111111 0.4828125 0.44722222222222224 0.4671875 0.44722222222222224 0.4734375 0.4027777777777778
0 0.2 0.38333333333333336 0.203125 0.38333333333333336 0.2078125 0.4083333333333333 0.2078125 0.4111111111111111 0.196875 0.4111111111111111 0.2 0.3861111111111111
0 0.9421875 0.44166666666666665 0.95 0.44166666666666665 0.9515625 0.4444444444444444 0.9578125 0.49444444444444446 0.9625 0.5166666666666667 0.9625 0.525 0.95625 0.5277777777777778 0.93125 0.525 0.928125 0.5222222222222223 0.9359375 0.4861111111111111 0.9359375 0.4777777777777778 0.9421875 0.4444444444444444
0 0.0546875 0.37777777777777777 0.059375 0.41388888888888886 0.046875 0.41388888888888886 0.05 0.38055555555555554 0.053125 0.37777777777777777
0 0.9640625 0.39166666666666666 0.96875 0.39444444444444443 0.971875 0.4166666666666667 0.971875 0.4222222222222222 0.959375 0.4222222222222222 0.959375 0.41388888888888886 0.9640625 0.39444444444444443
3 0.896875 0.46111111111111114 0.9 0.4666666666666667 0.9 0.475 0.909375 0.5166666666666667 0.9109375 0.5361111111111111 0.915625 0.5583333333333333 0.9140625 0.5638888888888889 0.884375 0.5638888888888889 0.8703125 0.5555555555555556 0.8765625 0.5388888888888889 0.8890625 0.46944444444444444 0.890625 0.4638888888888889 0.8953125 0.46111111111111114
3 0.1515625 0.3861111111111111 0.1546875 0.3861111111111111 0.1609375 0.4111111111111111 0.159375 0.4166666666666667 0.15 0.4166666666666667 0.1484375 0.41388888888888886 0.1515625 0.3888888888888889
3 0.6 0.4027777777777778 0.6015625 0.40555555555555556 0.6015625 0.4166666666666667 0.6078125 0.44166666666666665 0.60625 0.44722222222222224 0.5921875 0.44722222222222224 0.590625 0.4444444444444444 0.5921875 0.42777777777777776 0.5953125 0.4166666666666667 0.5953125 0.40555555555555556 0.5984375 0.4027777777777778
4 0.928125 0.3972222222222222 0.9328125 0.3972222222222222 0.934375 0.41388888888888886 0.9390625 0.43333333333333335 0.9375 0.44166666666666665 0.9234375 0.44166666666666665 0.921875 0.4388888888888889 0.925 0.4111111111111111 0.928125 0.4
4 0.35625 0.41388888888888886 0.365625 0.46944444444444444 0.3453125 0.46944444444444444 0.3515625 0.4166666666666667 0.3546875 0.41388888888888886
4 0.6046875 0.3972222222222222 0.609375 0.3972222222222222 0.609375 0.40555555555555556 0.6140625 0.42777777777777776 0.6140625 0.4388888888888889 0.609375 0.44166666666666665 0.6078125 0.4388888888888889 0.603125 0.4166666666666667 0.603125 0.4027777777777778 0.6046875 0.4
4 0.2453125 0.48055555555555557 0.2546875 0.48055555555555557 0.2546875 0.4888888888888889 0.2609375 0.5138888888888888 0.2609375 0.5222222222222223 0.2703125 0.5694444444444444 0.278125 0.5777777777777777 0.2640625 0.5861111111111111 0.2265625 0.5861111111111111 0.2265625 0.5833333333333334 0.2296875 0.5833333333333334 0.234375 0.575 0.2375 0.5527777777777778 0.2375 0.5388888888888889 0.2453125 0.48333333333333334
0 0.655359375 0.4400833333333333 0.030953124999999915 0.05953703703703705
4 0.08831770833333333 0.39235185185185184 0.011458333333333326 0.030194444444444458
2 0.2592239583333333 0.3853333333333333 0.018453125000000004 0.03999074074074069
3 0.03727604166666666 0.39486111111111105 0.013541666666666664 0.037870370370370346
2 0.02023958333333333 0.38480555555555546 0.016666666666666663 0.03892592592592589
3 0.16458333333333333 0.39248148148148143 0.013692708333333314 0.027814814814814782
0 0.17194791666666664 0.38560185185185186 0.012052083333333342 0.02464814814814815