3 0.2059895833333333 0.4652777777777778 0.0776041666666667 0.14722222222222223
2 0.54375 0.40648148148148144 0.0328125 0.10092592592592588
2 0.4953125 0.3856481481481481 0.016145833333333394 0.059259259259259206
3 0.27213541666666663 0.3861111111111111 0.01875 0.044444444444444446
0 0.4067708333333333 0.39398148148148143 0.016666666666666607 0.04814814814814809
3 0.18333333333333332 0.3972222222222222 0.02864583333333335 0.07222222222222222
0 0.45859375 0.412037037037037 0.027083333333333393 0.07129629629629634
4 0.3755208333333333 0.41018518518518515 0.027604166666666697 0.0731481481481481
0 0.17161458333333332 0.3819444444444444 0.01614583333333335 0.05555555555555555
2 0.03854166666666666 0.374537037037037 0.028645833333333325 0.08703703703703698
3 0.4731770833333333 0.4046296296296296 0.016666666666666607 0.06481481481481476
3 0.09869791666666666 0.35648148148148145 0.011458333333333326 0.025
0 0.11822916666666665 0.3592592592592592 0.0109375 0.027777777777777776
0 0.47265625 0.40648148148148144 0.015104166666666608 0.06759259259259254