0 0.360938 0.437500 0.021875 0.075000
0 0.339844 0.468056 0.042188 0.108333
0 0.253125 0.401389 0.015625 0.041667
0 0.129688 0.609722 0.140625 0.280556
0 0.482812 0.412500 0.012500 0.052778
0 0.282031 0.409722 0.017188 0.047222
4 0.403906 0.409722 0.017187 0.047222
4 0.713281 0.487500 0.048438 0.108333
4 0.607031 0.415278 0.014062 0.041667
4 0.384375 0.401389 0.012500 0.041667
4 0.634375 0.450000 0.025000 0.072222
4 0.641406 0.413889 0.007812 0.027778
3 0.651563 0.434722 0.015625 0.052778
3 0.311719 0.416667 0.020313 0.055556
3 0.475000 0.425000 0.018750 0.055556
1 0.545313 0.404167 0.006250 0.030556
1 0.522656 0.402778 0.007812 0.033333
2 0.333594 0.388889 0.014063 0.050000
2 0.274219 0.384722 0.010937 0.047222
