0 0.457031 0.379167 0.007812 0.036111
0 0.252344 0.381944 0.007812 0.025000
0 0.448438 0.384722 0.012500 0.041667
0 0.029687 0.500000 0.059375 0.161111
0 0.307812 0.408333 0.021875 0.061111
0 0.259375 0.429167 0.037500 0.086111
0 0.244531 0.391667 0.014063 0.038889
4 0.575000 0.376389 0.012500 0.036111
4 0.607031 0.495833 0.073438 0.169444
4 0.378906 0.384722 0.014062 0.041667
4 0.544531 0.402778 0.017188 0.061111
4 0.560937 0.425000 0.031250 0.083333
4 0.368750 0.379167 0.009375 0.036111
3 0.588281 0.391667 0.017188 0.044444
3 0.503906 0.373611 0.007812 0.030556
3 0.432031 0.394444 0.017187 0.044444
3 0.286719 0.395833 0.017187 0.047222
3 0.530469 0.372222 0.007812 0.027778
2 0.3294270833333333 0.3736111111111111 0.018229166666666696 0.056481481481481466
2 0.278125 0.372222 0.009375 0.038889
