0 0.07552083333333333 0.3828703703703703 0.023958333333333325 0.05370370370370365
0 0.14765625 0.3898148148148148 0.021875 0.05740740740740746
0 0.17630208333333333 0.3972222222222222 0.02604166666666665 0.06481481481481476
0 0.4125 0.3828703703703703 0.017708333333333392 0.049074074074074124
2 0.446875 0.36018518518518516 0.009895833333333392 0.026851851851851904
2 0.4315104166666666 0.3597222222222222 0.0125 0.034259259259259205
0 0.2075520833333333 0.3768518518518518 0.015625 0.04074074074074079
2 0.3109375 0.36157407407407405 0.009895833333333303 0.026851851851851904
2 0.33125 0.36296296296296293 0.009375 0.030555555555555555
2 0.2934895833333333 0.362037037037037 0.00625 0.020370370370370317
2 0.3153645833333333 0.3625 0.008333333333333304 0.030555555555555555
2 0.3125 0.3597222222222222 0.009895833333333303 0.03148148148148143
2 0.2927083333333333 0.36481481481481476 0.007291666666666696 0.026851851851851904