1 0.792969 0.530556 0.082812 0.300000
1 0.271094 0.279167 0.020313 0.052778
2 0.064844 0.262500 0.026563 0.080556
2 0.763281 0.293056 0.029687 0.091667
2 0.896875 0.352778 0.075000 0.188889
2 0.431250 0.284722 0.028125 0.086111
2 0.299219 0.259722 0.017187 0.058333
2 0.567969 0.305556 0.039062 0.111111
2 0.501563 0.262500 0.012500 0.052778
3 0.120312 0.288889 0.028125 0.066667
3 0.385938 0.326389 0.034375 0.086111
3 0.477344 0.287500 0.020313 0.052778
3 0.371875 0.265278 0.012500 0.036111
3 0.937500 0.320833 0.034375 0.080556
3 0.782031 0.294444 0.014062 0.055556
