0 0.283594 0.425000 0.026562 0.083333
0 0.421875 0.39861111111111114 0.0125 0.05277777777777778
0 0.171094 0.388889 0.017187 0.044444
0 0.255469 0.465278 0.051563 0.125000
0 0.200000 0.395833 0.021875 0.052778
4 0.314844 0.386111 0.014063 0.044444
4 0.673437 0.475000 0.053125 0.116667
4 0.335938 0.394444 0.018750 0.050000
4 0.582812 0.426389 0.028125 0.086111
4 0.55 0.3972222222222222 0.015625 0.044444444444444446
3 0.598437 0.418056 0.015625 0.052778
3 0.412500 0.409722 0.021875 0.052778
3 0.232031 0.404167 0.023438 0.058333
1 0.484375 0.386111 0.006250 0.033333
1 0.460938 0.386111 0.009375 0.033333
2 0.260937 0.373611 0.015625 0.052778
2 0.193750 0.369444 0.009375 0.050000
