0 0.14635416666666665 0.5393518518518519 0.1098958333333333 0.24351851851851858
2 0.5880208333333333 0.37407407407407406 0.016145833333333394 0.044444444444444446
3 0.16197916666666665 0.9416666666666667 0.1473958333333333 0.11666666666666667
0 0.6791666666666666 0.4004629629629629 0.01822916666666661 0.05
3 0.5583333333333333 0.39861111111111114 0.019270833333333393 0.04814814814814809
3 0.5739583333333333 0.38055555555555554 0.011458333333333393 0.034259259259259205
0 0.49375 0.3856481481481481 0.013020833333333393 0.043518518518518574
4 0.6359375 0.4092592592592592 0.025520833333333392 0.06203703703703699
4 0.9671875 0.8305555555555556 0.06458333333333321 0.3342592592592593
0 0.6091145833333333 0.38379629629629625 0.013541666666666608 0.03611111111111111
4 0.9703125 0.772685185185185 0.059375 0.44907407407407396
2 0.96484375 0.39768518518518514 0.015104166666666785 0.05370370370370365
2 0.37135416666666665 0.37083333333333335 0.021875 0.06296296296296297
3 0.721875 0.39259259259259255 0.015625 0.03981481481481476
3 0.5591145833333333 0.3921296296296296 0.021875 0.05
4 0.8828125 0.4027777777777778 0.011979166666666785 0.03796296296296302
4 0.6463541666666666 0.39166666666666666 0.014583333333333393 0.035185185185185236