2 0.8885416666666666 0.6782407407407407 0.2229166666666668 0.6314814814814814
0 0.5971354166666666 0.3675925925925925 0.013541666666666608 0.03611111111111111
2 0.24088541666666666 0.6796296296296295 0.2979166666666667 0.6305555555555555
0 0.5458333333333333 0.3638888888888889 0.011979166666666607 0.03333333333333333
0 0.6458333333333333 0.36620370370370364 0.011458333333333393 0.03240740740740746
0 0.4078125 0.362037037037037 0.011458333333333393 0.03240740740740746
0 0.6841145833333333 0.36527777777777776 0.0109375 0.027777777777777776
0 0.5622395833333333 0.3638888888888889 0.013020833333333393 0.029629629629629683
0 0.7111979166666667 0.3680555555555556 0.009895833333333392 0.023148148148148095
0 0.6229166666666666 0.36296296296296293 0.008854166666666607 0.025
0 0.5817708333333333 0.36018518518518516 0.008854166666666607 0.023148148148148095