0 0.568750 0.358333 0.012500 0.050000
0 0.331250 0.406944 0.046875 0.108333
0 0.162500 0.481944 0.109375 0.208333
0 0.301563 0.354167 0.015625 0.047222
0 0.285937 0.361111 0.018750 0.050000
0 0.561719 0.369444 0.020313 0.061111
4 0.760156 0.425000 0.051562 0.111111
4 0.776563 0.381944 0.015625 0.069444
4 0.462500 0.363889 0.021875 0.061111
4 0.908594 0.537500 0.117188 0.236111
4 0.452344 0.352778 0.014062 0.050000
4 0.735938 0.365278 0.018750 0.052778
3 0.789844 0.397222 0.029687 0.072222
3 0.317969 0.375000 0.020313 0.072222
3 0.539062 0.384722 0.028125 0.069444
1 0.628906 0.352778 0.010938 0.038889
1 0.660937 0.352778 0.009375 0.038889
2 0.4028645833333333 0.33935185185185185 0.02864583333333335 0.06944444444444445
2 0.34609375 0.33611111111111114 0.0171875 0.05555555555555555
