0 0.003125 0.358333 0.006250 0.027778
0 0.265625 0.354167 0.018750 0.047222
0 0.210156 0.363889 0.017187 0.055556
4 0.155469 0.351389 0.014063 0.047222
4 0.218750 0.398611 0.040625 0.091667
4 0.118750 0.359722 0.021875 0.058333
4 0.393750 0.368056 0.018750 0.058333
4 0.026562 0.455556 0.053125 0.161111
4 0.421094 0.359722 0.014062 0.047222
3 0.142969 0.375000 0.026562 0.061111
3 0.363281 0.380556 0.023438 0.061111
1 0.349219 0.351389 0.010937 0.036111
2 0.124219 0.340278 0.014063 0.058333
2 0.081250 0.337500 0.015625 0.052778
