3 0.926562 0.416667 0.018750 0.055556
3 0.775000 0.400000 0.018750 0.050000
3 0.540625 0.402778 0.021875 0.066667
3 0.910156 0.479167 0.064062 0.125000
3 0.206250 0.373611 0.021875 0.063889
3 0.126562 0.369444 0.028125 0.066667
3 0.033594 0.511111 0.067187 0.222222
3 0.493750 0.401389 0.025000 0.069444
3 0.185938 0.390278 0.034375 0.080556
3 0.756250 0.405556 0.021875 0.055556
3 0.349219 0.361111 0.017187 0.044444
3 0.905469 0.412500 0.020313 0.052778
3 0.972656 0.425000 0.029688 0.066667
3 0.8078125 0.4305555555555556 0.034375 0.07777777777777778
3 0.518750 0.444444 0.053125 0.111111
3 0.510938 0.388889 0.012500 0.055556
