0 0.11666666666666665 0.3574074074074074 0.05885416666666665 0.1268518518518519
3 0.9611979166666667 0.4791666666666667 0.043229166666666784 0.10092592592592588
3 0.9 0.6800925925925926 0.175 0.3398148148148149
0 0.73515625 0.512037037037037 0.0760416666666666 0.17962962962962953
0 0.4231770833333333 0.3458333333333333 0.0109375 0.027777777777777776
0 0.58359375 0.3699074074074074 0.009895833333333392 0.03240740740740746
0 0.08697916666666665 0.30972222222222223 0.0359375 0.07685185185185182
4 0.4671875 0.36157407407407405 0.0171875 0.05555555555555555
4 0.5229166666666666 0.3592592592592592 0.009375 0.03240740740740746
0 0.4604166666666666 0.35138888888888886 0.013020833333333393 0.037037037037036986
4 0.0033854166666666663 0.29398148148148145 0.006770833333333333 0.09444444444444444
4 0.5575520833333333 0.36296296296296293 0.009375 0.02870370370370365