2 0.275781 0.294444 0.014063 0.050000
2 0.288281 0.294444 0.023438 0.077778
2 0.146875 0.340278 0.075000 0.191667
2 0.606250 0.308333 0.021875 0.066667
3 0.849219 0.331944 0.023438 0.052778
3 0.017969 0.318056 0.035937 0.102778
3 0.378125 0.334722 0.028125 0.075000
3 0.403906 0.308333 0.017187 0.055556
3 0.969531 0.498611 0.057812 0.175000
3 0.106250 0.780556 0.209375 0.433333
3 0.275781 0.294444 0.014063 0.050000
3 0.566406 0.362500 0.029688 0.086111
3 0.599219 0.411111 0.048438 0.127778
3 0.513281 0.336111 0.023438 0.066667
3 0.6703125 0.32916666666666666 0.025 0.06944444444444445
