0 0.06901041666666666 0.46944444444444444 0.05885416666666667 0.13703703703703699
3 0.34921875 0.48657407407407405 0.06927083333333331 0.14259259259259255
3 0.29140625 0.44490740740740736 0.0401041666666667 0.09351851851851857
0 0.6184895833333333 0.5694444444444444 0.09270833333333339 0.23518518518518508
0 0.5981770833333333 0.4708333333333333 0.038541666666666606 0.12314814814814809
3 0.029947916666666664 0.5351851851851852 0.05989583333333333 0.2157407407407408
3 0.56953125 0.3768518518518518 0.00625 0.01759259259259254
3 0.4942708333333333 0.3703703703703703 0.005729166666666607 0.01759259259259254
3 0.5950520833333333 0.3736111111111111 0.0036458333333333924 0.01759259259259254
0 0.008072916666666666 0.6666666666666666 0.01614583333333333 0.2731481481481482
3 0.4942708333333333 0.3675925925925925 0.00625 0.024074074074074088
3 0.53984375 0.3731481481481481 0.0078125 0.014814814814814762