2 0.636719 0.338889 0.010938 0.038889
2 0.672656 0.338889 0.010937 0.033333
2 0.606250 0.336111 0.009375 0.038889
2 0.784375 0.338889 0.015625 0.050000
2 0.771875 0.338889 0.009375 0.038889
2 0.620313 0.336111 0.012500 0.044444
2 0.878906 0.341667 0.010938 0.044444
2 0.948438 0.344444 0.012500 0.044444
2 0.655469 0.337500 0.010937 0.036111
2 0.817187 0.338889 0.012500 0.044444
2 0.75625 0.3388888888888889 0.015625 0.05
3 0.970312 0.780556 0.056250 0.116667
3 0.293750 0.462500 0.084375 0.169444
3 0.831250 0.412500 0.053125 0.113889
3 0.073438 0.452778 0.078125 0.166667
3 0.977344 0.405556 0.042187 0.105556
3 0.694531 0.486111 0.107812 0.194444
3 0.571094 0.412500 0.054688 0.113889
