4 0.8122395833333332 0.7930555555555555 0.1671875 0.4046296296296295
0 0.16354166666666664 0.4097222222222222 0.01875 0.05
4 0.1921875 0.4199074074074074 0.025520833333333326 0.06388888888888888
0 0.74609375 0.5648148148148148 0.075 0.22777777777777777
3 0.0421875 0.41620370370370363 0.0265625 0.059259259259259206
3 0.14348958333333334 0.4004629629629629 0.01614583333333335 0.04259259259259254
3 0.13072916666666665 0.3967592592592592 0.011979166666666652 0.03611111111111111
2 0.3182291666666667 0.39629629629629626 0.015104166666666696 0.043518518518518574
4 0.27213541666666663 0.40185185185185185 0.0140625 0.037037037037036986
0 0.20572916666666666 0.39768518518518514 0.0109375 0.029629629629629683
2 0.24244791666666665 0.39768518518518514 0.018229166666666696 0.05555555555555555
4 0.028385416666666663 0.39629629629629626 0.013541666666666664 0.041666666666666664
2 0.08619791666666667 0.37407407407407406 0.018229166666666675 0.054629629629629646