3 0.789844 0.363889 0.026562 0.066667
3 0.5421875 0.3680555555555556 0.028125 0.075
3 0.489063 0.370833 0.028125 0.075000
3 0.002344 0.381944 0.004687 0.025000
3 0.263281 0.355556 0.026562 0.066667
3 0.595313 0.338889 0.018750 0.050000
3 0.913281 0.383333 0.035938 0.083333
3 0.08828125 0.38472222222222224 0.0453125 0.10277777777777777
3 0.160938 0.350000 0.028125 0.066667
3 0.365625 0.338889 0.018750 0.050000
3 0.514844 0.388889 0.042187 0.094444
3 0.638281 0.337500 0.017188 0.041667
3 0.990625 0.394444 0.015625 0.061111
