0 0.317969 0.383333 0.042187 0.111111
0 0.254688 0.341667 0.021875 0.061111
0 0.232813 0.330556 0.018750 0.050000
0 0.216406 0.465278 0.101563 0.213889
0 0.512500 0.341667 0.015625 0.066667
4 0.733594 0.397222 0.048438 0.105556
4 0.71484375 0.35694444444444445 0.0234375 0.06388888888888888
4 0.411719 0.340278 0.020313 0.058333
4 0.939062 0.497222 0.100000 0.211111
4 0.392969 0.329167 0.017187 0.047222
4 0.666406 0.341667 0.017188 0.050000
3 0.743750 0.370833 0.015625 0.069444
3 0.500000 0.359722 0.028125 0.069444
3 0.280469 0.352778 0.029687 0.072222
1 0.588281 0.329167 0.007812 0.036111
1 0.561719 0.330556 0.010937 0.038889
2 0.335938 0.315278 0.018750 0.058333
2 0.269531 0.309722 0.014062 0.052778
