0 0.049219 0.383333 0.010938 0.050000
0 0.078125 0.465278 0.071875 0.147222
0 0.059375 0.400000 0.018750 0.072222
0 0.378125 0.401389 0.025000 0.069444
0 0.384375 0.387500 0.015625 0.052778
4 0.553125 0.397222 0.021875 0.050000
4 0.891406 0.656944 0.139062 0.325000
4 0.244531 0.383333 0.017187 0.055556
4 0.259375 0.397222 0.028125 0.066667
4 0.598437 0.413889 0.021875 0.066667
4 0.617188 0.473611 0.056250 0.125000
3 0.629687 0.433333 0.021875 0.077778
3 0.354688 0.423611 0.034375 0.080556
3 0.067187 0.415278 0.028125 0.091667
2 0.112500 0.362500 0.021875 0.058333
2 0.185156 0.368056 0.026562 0.063889
1 0.473437 0.381944 0.012500 0.036111
1 0.443750 0.381944 0.012500 0.041667
