2 0.111719 0.291667 0.032812 0.094444
2 0.667188 0.275000 0.015625 0.055556
2 0.811719 0.344444 0.054688 0.161111
2 0.921875 0.304167 0.031250 0.102778
2 0.278125 0.275000 0.018750 0.061111
2 0.477344 0.320833 0.007812 0.063889
2 0.832031 0.356944 0.007812 0.036111
2 0.631250 0.308333 0.028125 0.100000
2 0.546875 0.29305555555555557 0.021875 0.08055555555555556
2 0.472656 0.272222 0.010938 0.055556
3 0.468750 0.320833 0.028125 0.069444
3 0.607812 0.293056 0.018750 0.047222
3 0.694531 0.304167 0.023438 0.058333
3 0.715625 0.287500 0.015625 0.041667
3 0.667969 0.283333 0.014063 0.038889
3 0.068750 0.320833 0.034375 0.080556
3 0.378125 0.281944 0.015625 0.041667
3 0.148438 0.287500 0.021875 0.058333
3 0.535937 0.419444 0.056250 0.161111
3 0.515625 0.545833 0.140625 0.313889
3 0.158594 0.370833 0.051563 0.119444
3 0.528125 0.284722 0.015625 0.041667
3 0.417188 0.294444 0.018750 0.050000
3 0.754687 0.277778 0.012500 0.033333
3 0.903125 0.301389 0.021875 0.058333
3 0.570312 0.277778 0.012500 0.033333
3 0.344531 0.308333 0.023438 0.061111
