1 0.734375 0.325000 0.009375 0.033333
1 0.789062 0.504167 0.087500 0.225000
1 0.856250 0.348611 0.018750 0.052778
2 0.62109375 0.35555555555555557 0.0421875 0.10555555555555556
2 0.660937 0.334722 0.021875 0.075000
2 0.353906 0.333333 0.026562 0.094444
2 0.882031 0.312500 0.014062 0.047222
2 0.580469 0.381944 0.048438 0.152778
2 0.653125 0.313889 0.012500 0.044444
3 0.201563 0.340278 0.031250 0.075000
3 0.770312 0.319444 0.012500 0.027778
3 0.412500 0.336111 0.021875 0.055556
3 0.797656 0.372222 0.023438 0.055556
3 0.321875 0.402778 0.065625 0.127778
3 0.811719 0.331944 0.014062 0.041667
3 0.569531 0.330556 0.014062 0.044444
3 0.637500 0.315278 0.012500 0.030556
