0 0.3640625 0.39305555555555555 0.01875 0.06944444444444445
0 0.060156 0.379167 0.020312 0.052778
0 0.020313 0.568056 0.040625 0.163889
0 0.079687 0.393056 0.021875 0.063889
0 0.135156 0.438889 0.048437 0.116667
4 0.239844 0.377778 0.017187 0.050000
4 0.716406 0.538889 0.089063 0.194444
4 0.520312 0.390278 0.015625 0.047222
4 0.257031 0.388889 0.023438 0.061111
4 0.558594 0.404167 0.017187 0.058333
4 0.563281 0.445833 0.042187 0.102778
3 0.345313 0.409722 0.028125 0.069444
3 0.580469 0.418056 0.017188 0.069444
3 0.103125 0.402778 0.031250 0.077778
1 0.447656 0.376389 0.007812 0.036111
1 0.419531 0.377778 0.010937 0.038889
2 0.179688 0.363889 0.018750 0.061111
2 0.108594 0.355556 0.017187 0.055556
