2 0.227344 0.375000 0.032812 0.100000
2 0.402344 0.359722 0.010938 0.041667
2 0.164062 0.347222 0.021875 0.066667
2 0.312500 0.398611 0.043750 0.136111
2 0.994531 0.355556 0.007812 0.027778
2 0.409375 0.334722 0.009375 0.036111
2 0.664062 0.388889 0.037500 0.122222
2 0.506250 0.472222 0.100000 0.266667
2 0.404687 0.350000 0.015625 0.061111
3 0.022656 0.362500 0.023438 0.052778
3 0.403906 0.359722 0.014063 0.041667
3 0.048438 0.379167 0.018750 0.063889
3 0.956250 0.447222 0.068750 0.138889
3 0.264062 0.350000 0.009375 0.038889
3 0.064844 0.425000 0.045312 0.105556
3 0.325781 0.375000 0.017187 0.055556
3 0.542188 0.429167 0.037500 0.108333
3 0.414062 0.386111 0.028125 0.077778
3 0.453906 0.365278 0.017188 0.047222
3 0.642969 0.383333 0.017188 0.066667
3 0.276563 0.363889 0.018750 0.050000
