0 0.942969 0.613889 0.110938 0.327778
0 0.621094 0.368056 0.010938 0.030556
0 0.319531 0.455556 0.060937 0.138889
0 0.517188 0.372222 0.012500 0.038889
0 0.679688 0.379167 0.015625 0.041667
3 0.235156 0.920833 0.142188 0.152778
3 0.573438 0.379167 0.015625 0.041667
4 0.713281 0.534722 0.095313 0.230556
2 0.40885416666666663 0.3641759259259259 0.015625 0.06115740740740737
2 0.6023802083333333 0.3598148148148148 0.014286458333333307 0.04449999999999995
3 0.5876510416666666 0.36722222222222217 0.011609374999999922 0.03814814814814819
4 0.6379479166666666 0.3869259259259259 0.022916666666666606 0.05374074074074065
4 0.65528125 0.36973148148148144 0.014432291666666685 0.03523148148148149
4 0.8726197916666667 0.37581481481481477 0.013093749999999816 0.04211111111111118
2 0.9473229166666666 0.37449074074074074 0.0196406249999999 0.05533333333333338
