0 0.317188 0.344444 0.015625 0.055556
0 0.301563 0.359722 0.025000 0.069444
4 0.53359375 0.375 0.0171875 0.07222222222222222
4 0.699219 0.631944 0.157812 0.363889
4 0.175781 0.350000 0.029687 0.077778
4 0.513281 0.431944 0.060937 0.130556
4 0.495312 0.356944 0.018750 0.052778
3 0.266406 0.379167 0.035937 0.086111
3 0.547656 0.390278 0.029687 0.080556
1 0.421094 0.341667 0.010937 0.038889
1 0.386719 0.343056 0.010938 0.041667
2 0.114062 0.320833 0.021875 0.069444
2 0.039844 0.315278 0.020313 0.063889
