3 0.800781 0.368056 0.010938 0.041667
3 0.746094 0.459722 0.039062 0.086111
3 0.903906 0.405556 0.026563 0.061111
3 0.507031 0.408333 0.017188 0.055556
3 0.688281 0.426389 0.026562 0.063889
3 0.567187 0.383333 0.012500 0.044444
3 0.669531 0.368056 0.014062 0.036111
3 0.678125 0.393056 0.015625 0.047222
3 0.842969 0.427778 0.029687 0.072222
3 0.963281 0.372222 0.017188 0.044444
3 0.576563 0.401389 0.021875 0.052778
3 0.643750 0.375000 0.015625 0.038889
3 0.787500 0.383333 0.015625 0.038889
3 0.510938 0.445833 0.031250 0.080556
3 0.795313 0.400000 0.025000 0.055556
