0 0.38307291666666665 0.399074074074074 0.018229166666666696 0.051851851851851906
0 0.47135416666666663 0.4324074074074074 0.034375 0.0842592592592592
0 0.07526041666666666 0.45 0.05729166666666667 0.125
0 0.29244791666666664 0.39768518518518514 0.021875 0.06018518518518524
0 0.7309895833333333 0.42777777777777776 0.023958333333333394 0.06388888888888888
0 0.4822916666666666 0.4199074074074074 0.0171875 0.0731481481481481
0 0.4854166666666666 0.4041666666666667 0.013541666666666608 0.049074074074074124
2 0.603125 0.39166666666666666 0.007291666666666608 0.025925925925925873
2 0.5627604166666667 0.39120370370370366 0.007291666666666608 0.025925925925925873
2 0.5825520833333333 0.39120370370370366 0.008854166666666607 0.026851851851851904
2 0.5895833333333333 0.3907407407407407 0.008854166666666607 0.026851851851851904
2 0.5859375 0.3921296296296296 0.008333333333333392 0.02870370370370365
2 0.7158854166666666 0.3981481481481481 0.0109375 0.03333333333333333