2 0.350000 0.356944 0.025000 0.113889
2 0.882812 0.447222 0.075000 0.222222
2 0.124219 0.311111 0.026563 0.077778
2 0.331250 0.395833 0.059375 0.180556
2 0.012500 0.852778 0.025000 0.116667
2 0.409375 0.329167 0.018750 0.063889
2 0.679688 0.345833 0.018750 0.069444
3 0.030469 0.356944 0.035937 0.091667
3 0.292188 0.330556 0.018750 0.050000
3 0.938281 0.429167 0.048438 0.108333
3 0.064062 0.391667 0.059375 0.122222
3 0.450781 0.350000 0.020313 0.055556
3 0.689062 0.372222 0.025000 0.061111
3 0.574219 0.397222 0.029688 0.094444
3 0.510156 0.368056 0.026562 0.069444
3 0.566406 0.363889 0.014063 0.027778
3 0.560156 0.461111 0.076562 0.166667
3 0.548438 0.345833 0.018750 0.047222
3 0.657031 0.362500 0.023438 0.052778
3 0.807813 0.363889 0.018750 0.050000
3 0.246094 0.347222 0.026563 0.066667
