2 0.337500 0.422222 0.015625 0.077778
2 0.70234375 0.4375 0.0296875 0.09722222222222222
2 0.564063 0.418056 0.018750 0.069444
2 0.683594 0.418056 0.007812 0.019444
2 0.818750 0.473611 0.053125 0.147222
2 0.617969 0.416667 0.010937 0.022222
2 0.351562 0.431944 0.028125 0.097222
2 0.482812 0.411111 0.006250 0.022222
2 0.521875 0.411111 0.009375 0.027778
2 0.507031 0.425000 0.020313 0.077778
2 0.457031 0.415278 0.017188 0.063889
2 0.943750 0.440278 0.031250 0.091667
2 0.528906 0.413889 0.007812 0.022222
2 0.538281 0.447222 0.032813 0.116667
2 0.412500 0.468056 0.050000 0.152778
2 0.760938 0.420833 0.021875 0.069444
3 0.482812 0.411111 0.006250 0.022222
3 0.529688 0.413889 0.006250 0.022222
3 0.683594 0.419444 0.007812 0.016667
3 0.669531 0.419444 0.007812 0.016667
3 0.521094 0.412500 0.007812 0.025000
3 0.433594 0.409722 0.007812 0.019444
3 0.585938 0.416667 0.009375 0.022222
3 0.618750 0.416667 0.009375 0.022222
3 0.635156 0.418056 0.010938 0.019444
3 0.466406 0.413889 0.007812 0.022222
