2 0.852344 0.366667 0.010937 0.038889
2 0.870313 0.366667 0.015625 0.050000
2 0.751562 0.358333 0.009375 0.033333
2 0.907031 0.372222 0.010937 0.038889
2 0.660937 0.361111 0.015625 0.022222
2 0.796875 0.361111 0.015625 0.050000
2 0.958594 0.376389 0.014062 0.047222
2 0.700000 0.344444 0.006250 0.022222
2 0.728906 0.356944 0.010938 0.036111
2 0.812500 0.362500 0.015625 0.052778
3 0.010937 0.426389 0.021875 0.069444
3 0.028125 0.572222 0.056250 0.183333
3 0.324219 0.393056 0.042188 0.097222
3 0.197656 0.437500 0.070312 0.152778
3 0.635156 0.502778 0.104688 0.194444
3 0.542188 0.413889 0.046875 0.105556
3 0.716406 0.425000 0.048438 0.100000
