2 0.09479166666666666 0.4671296296296296 0.08385416666666667 0.2222222222222222
3 0.3447916666666666 0.5810185185185185 0.1125 0.25277777777777777
3 0.6083333333333333 0.4578703703703703 0.03645833333333339 0.08611111111111111
0 0.4255208333333333 0.46342592592592585 0.044791666666666605 0.11296296296296301
0 0.9020833333333332 0.4847222222222222 0.0453125 0.1111111111111111
3 0.3481770833333333 0.399074074074074 0.013541666666666697 0.030555555555555555
0 0.4114583333333333 0.39861111111111114 0.011458333333333393 0.027777777777777776
3 0.5010416666666666 0.39768518518518514 0.010416666666666607 0.022222222222222223
0 0.4484375 0.39398148148148143 0.009895833333333392 0.022222222222222223
3 0.35390625 0.39398148148148143 0.011458333333333303 0.03240740740740746
3 0.4994791666666666 0.3981481481481481 0.011458333333333393 0.023148148148148095