0 0.475000 0.423611 0.015625 0.047222
0 0.202344 0.397222 0.010938 0.027778
0 0.945312 0.484722 0.034375 0.086111
0 0.053125 0.395833 0.012500 0.036111
0 0.965625 0.406944 0.012500 0.030556
3 0.892969 0.512500 0.045312 0.102778
3 0.154688 0.401389 0.012500 0.030556
3 0.599219 0.425000 0.017188 0.044444
4 0.930469 0.419444 0.017188 0.044444
4 0.355469 0.441667 0.020312 0.055556
4 0.608594 0.419444 0.010937 0.044444
4 0.252344 0.533333 0.051563 0.105556
0 0.655359375 0.4400833333333333 0.030953124999999915 0.05953703703703705
4 0.08831770833333333 0.39235185185185184 0.011458333333333326 0.030194444444444458
2 0.2592239583333333 0.3853333333333333 0.018453125000000004 0.03999074074074069
3 0.03727604166666666 0.39486111111111105 0.013541666666666664 0.037870370370370346
2 0.02023958333333333 0.38480555555555546 0.016666666666666663 0.03892592592592589
3 0.16458333333333333 0.39248148148148143 0.013692708333333314 0.027814814814814782
0 0.17194791666666664 0.38560185185185186 0.012052083333333342 0.02464814814814815
