0 0.029687 0.491667 0.059375 0.194444
0 0.064844 0.393056 0.026563 0.086111
0 0.409375 0.3958333333333333 0.028125 0.08055555555555556
0 0.415625 0.376389 0.015625 0.058333
4 0.710156 0.488889 0.085938 0.166667
4 0.603125 0.383333 0.021875 0.055556
4 0.266406 0.375000 0.014062 0.061111
4 0.279687 0.391667 0.031250 0.077778
4 0.663281 0.402778 0.029687 0.077778
3 0.689063 0.426389 0.028125 0.091667
3 0.381250 0.420833 0.040625 0.097222
3 0.0578125 0.4222222222222222 0.046875 0.1111111111111111
1 0.515625 0.36944444444444446 0.0125 0.044444444444444446
1 0.482031 0.369444 0.010937 0.044444
2 0.2059895833333333 0.3574074074074074 0.030729166666666696 0.07962962962962969
2 0.131250 0.354167 0.018750 0.063889
