0 0.9432291666666666 0.4453703703703703 0.0625 0.13333333333333333
0 0.61015625 0.6685185185185185 0.1598958333333334 0.41018518518518526
0 0.3427083333333333 0.5185185185185185 0.0942708333333333 0.20833333333333334
0 0.38203125 0.4236111111111111 0.03697916666666665 0.09259259259259255
0 0.11197916666666666 0.47129629629629627 0.0765625 0.162962962962963
2 0.5880208333333333 0.3726851851851852 0.013020833333333393 0.044444444444444446
2 0.4169270833333333 0.37407407407407406 0.011458333333333393 0.03703703703703702
2 0.4276041666666666 0.3731481481481481 0.008854166666666607 0.03240740740740746
2 0.5572916666666666 0.3712962962962963 0.011979166666666607 0.034259259259259246
2 0.3966145833333333 0.375 0.010416666666666652 0.035185185185185236
0 0.08567708333333332 0.44583333333333336 0.030208333333333337 0.12129629629629635