3 0.758594 0.261111 0.014062 0.061111
3 0.700781 0.352778 0.082812 0.166667
3 0.372656 0.352778 0.085938 0.172222
3 0.569531 0.297222 0.039062 0.105556
3 0.753125 0.305556 0.050000 0.111111
3 0.160156 0.293056 0.051563 0.113889
3 0.3234375 0.25972222222222224 0.028125 0.06944444444444445
3 0.182812 0.263889 0.028125 0.083333
3 0.364063 0.251389 0.015625 0.058333
3 0.528906 0.486111 0.157812 0.322222
3 0.381250 0.284722 0.025000 0.091667
3 0.54296875 0.26944444444444443 0.0296875 0.08333333333333333
