2 0.474219 0.440278 0.039062 0.130556
2 0.256250 0.411111 0.015625 0.083333
2 0.505469 0.406944 0.020313 0.069444
2 0.778906 0.468056 0.060937 0.158333
2 0.561719 0.405556 0.010937 0.022222
2 0.423438 0.397222 0.006250 0.022222
2 0.989844 0.475000 0.017188 0.088889
2 0.326562 0.466667 0.059375 0.177778
2 0.462500 0.401389 0.009375 0.025000
2 0.443750 0.413889 0.021875 0.083333
2 0.267969 0.422222 0.032812 0.105556
2 0.626562 0.406944 0.009375 0.019444
2 0.893750 0.427778 0.031250 0.094444
2 0.648438 0.427778 0.031250 0.100000
2 0.392188 0.404167 0.018750 0.069444
2 0.705469 0.409722 0.020312 0.069444
3 0.372656 0.398611 0.007812 0.019444
3 0.484375 0.404167 0.003125 0.019444
3 0.423438 0.398611 0.006250 0.019444
3 0.461719 0.402778 0.007812 0.022222
3 0.406250 0.400000 0.009375 0.022222
3 0.625781 0.406944 0.007812 0.019444
3 0.5796875 0.4083333333333333 0.0125 0.022222222222222223
3 0.528125 0.404167 0.009375 0.019444
3 0.560938 0.405556 0.009375 0.022222
3 0.611719 0.406944 0.007812 0.019444
