1 0.768750 0.476389 0.037500 0.108333
1 0.434375 0.394444 0.009375 0.038889
2 0.696875 0.405556 0.021875 0.061111
2 0.587500 0.393056 0.015625 0.052778
2 0.211719 0.365278 0.014063 0.047222
2 0.312500 0.387500 0.018750 0.063889
2 0.097656 0.401389 0.032812 0.102778
2 0.385156 0.363889 0.010937 0.038889
2 0.370313 0.406944 0.018750 0.086111
2 0.989844 0.681944 0.017188 0.013889
2 0.822656 0.418056 0.020312 0.080556
2 0.466406 0.427778 0.035938 0.111111
3 0.360938 0.461111 0.046875 0.105556
3 0.081250 0.397222 0.015625 0.061111
3 0.835156 0.454167 0.032813 0.080556
3 0.507031 0.423611 0.023438 0.058333
3 0.300781 0.369444 0.010938 0.027778
3 0.174219 0.368056 0.010937 0.030556
3 0.193750 0.386111 0.018750 0.044444
3 0.362500 0.380556 0.006250 0.033333
3 0.947656 0.437500 0.029687 0.069444
3 0.513281 0.369444 0.010938 0.027778
3 0.624219 0.390278 0.014062 0.036111
1 0.28619791666666666 0.37407407407407406 0.0109375 0.03333333333333333
