3 0.5143229166666666 0.4824074074074074 0.05364583333333339 0.12129629629629635
3 0.21796875 0.8662037037037037 0.165625 0.26296296296296284
4 0.8627604166666666 0.5518518518518518 0.06979166666666678 0.16203703703703698
3 0.6559895833333333 0.45555555555555555 0.025520833333333392 0.06388888888888888
2 0.340625 0.4175925925925925 0.039583333333333304 0.13148148148148142
3 0.4309895833333333 0.39305555555555555 0.010416666666666607 0.03240740740740746
0 0.49869791666666663 0.4027777777777778 0.011979166666666607 0.03148148148148143
0 0.4838541666666666 0.4 0.0109375 0.025925925925925873
3 0.5611979166666666 0.4083333333333333 0.009895833333333392 0.020370370370370317
0 0.5317708333333333 0.4476851851851852 0.01875 0.07870370370370365
0 0.8703125 0.4592592592592592 0.011979166666666785 0.020370370370370317
0 0.5138020833333333 0.4027777777777778 0.0109375 0.025