2 0.209375 0.315278 0.018750 0.058333
2 0.271094 0.320833 0.007812 0.019444
2 0.124219 0.334722 0.029688 0.091667
2 0.271094 0.323611 0.007812 0.025000
2 0.450000 0.326389 0.012500 0.058333
2 0.053125 0.355556 0.043750 0.127778
2 0.399219 0.373611 0.032813 0.130556
3 0.031250 0.334722 0.015625 0.058333
3 0.435937 0.345833 0.018750 0.047222
3 0.272656 0.362500 0.029687 0.069444
3 0.075781 0.320833 0.020312 0.047222
3 0.046094 0.563889 0.092188 0.311111
3 0.322656 0.325000 0.014063 0.038889
3 0.260156 0.343056 0.017187 0.058333
3 0.163281 0.400000 0.054688 0.116667
3 0.527344 0.372222 0.026563 0.072222
3 0.408594 0.455556 0.076563 0.166667
3 0.417187 0.338889 0.009375 0.044444
3 0.550781 0.340278 0.014063 0.041667
