2 0.622656 0.394444 0.010938 0.038889
2 0.579688 0.394444 0.015625 0.061111
2 0.503125 0.387500 0.012500 0.036111
2 0.723437 0.398611 0.012500 0.047222
2 0.434375 0.383333 0.009375 0.044444
2 0.423438 0.383333 0.012500 0.050000
2 0.786719 0.402778 0.014062 0.050000
2 0.526563 0.390278 0.009375 0.036111
2 0.638281 0.395833 0.014062 0.052778
2 0.564844 0.393056 0.014062 0.052778
2 0.674219 0.397222 0.010938 0.038889
2 0.470313 0.386111 0.012500 0.044444
3 0.414844 0.452778 0.045312 0.105556
3 0.935937 0.800000 0.125000 0.394444
3 0.253125 0.473611 0.065625 0.136111
