0 0.856250 0.383333 0.012500 0.044444
0 0.841406 0.488889 0.085938 0.172222
0 0.657813 0.373611 0.012500 0.041667
3 0.888281 0.375000 0.010938 0.027778
3 0.742969 0.381944 0.017188 0.047222
3 0.869531 0.376389 0.014062 0.036111
4 0.072656 0.509722 0.101562 0.202778
2 0.5429322916666667 0.3633796296296296 0.01890104166666671 0.054277777777777834
4 0.783703125 0.3737037037037037 0.01830208333333321 0.0378796296296296
4 0.9233645833333333 0.37846296296296295 0.010416666666666786 0.026240740740740717
