2 0.816406 0.370833 0.026563 0.086111
2 0.560937 0.416667 0.043750 0.161111
2 0.405469 0.337500 0.017188 0.058333
2 0.237500 0.350000 0.018750 0.077778
2 0.042969 0.669444 0.085938 0.416667
3 0.581250 0.356944 0.018750 0.047222
3 0.166406 0.350000 0.020313 0.050000
3 0.364062 0.379167 0.028125 0.069444
3 0.503125 0.377778 0.021875 0.050000
3 0.807813 0.425000 0.037500 0.088889
3 0.502344 0.337500 0.010937 0.036111
3 0.250781 0.341667 0.014063 0.038889
3 0.525000 0.526389 0.093750 0.213889
3 0.089063 0.448611 0.087500 0.163889
3 0.230469 0.406944 0.045312 0.108333
3 0.701563 0.365278 0.021875 0.052778
3 0.629687 0.391667 0.028125 0.066667
3 0.347656 0.355556 0.017188 0.050000
3 0.987500 0.388889 0.021875 0.066667
3 0.564062 0.345833 0.009375 0.041667
3 0.683594 0.345833 0.017187 0.041667
