2 0.912500 0.352778 0.012500 0.044444
2 0.693750 0.350000 0.009375 0.033333
2 0.810937 0.350000 0.012500 0.038889
2 0.766406 0.350000 0.014062 0.044444
2 0.667188 0.350000 0.009375 0.038889
2 0.833594 0.351389 0.014062 0.047222
2 0.861719 0.352778 0.010938 0.038889
2 0.977344 0.354167 0.014062 0.047222
2 0.713281 0.351389 0.007812 0.036111
2 0.785156 0.350000 0.014063 0.050000
3 0.959375 0.55 0.08125 0.25
3 0.517188 0.415278 0.040625 0.097222
3 0.253125 0.402778 0.034375 0.083333
3 0.306250 0.531944 0.121875 0.225000
3 0.720313 0.387500 0.028125 0.069444
3 0.464062 0.504167 0.081250 0.197222
