3 0.36822916666666666 0.5342592592592592 0.0645833333333333 0.14722222222222223
3 0.7135416666666666 0.8458333333333333 0.16197916666666662 0.30462962962962953
0 0.9669270833333332 0.45694444444444443 0.046354166666666786 0.1018518518518519
4 0.31901041666666663 0.4606481481481481 0.024479166666666698 0.07129629629629634
0 0.7270833333333333 0.5703703703703703 0.1145833333333334 0.13240740740740747
4 0.7114583333333333 0.425 0.02083333333333339 0.06111111111111111
0 0.95 0.41805555555555557 0.021354166666666785 0.06851851851851858
3 0.8932291666666666 0.3810185185185185 0.0125 0.03981481481481476
2 0.7322916666666666 0.37916666666666665 0.011458333333333393 0.043518518518518574
0 0.9611979166666667 0.44907407407407407 0.03802083333333321 0.11203703703703699
4 0.9239583333333332 0.37407407407407406 0.011979166666666785 0.02870370370370365
0 0.8234375 0.3796296296296296 0.009895833333333215 0.03240740740740746
0 0.9815104166666666 0.37870370370370365 0.0125 0.03240740740740746
2 0.865625 0.37175925925925923 0.008854166666666784 0.03148148148148143
3 0.9953125 0.37222222222222223 0.009375 0.026851851851851904