0 0.496094 0.363889 0.010938 0.044444
0 0.296094 0.404167 0.032813 0.086111
0 0.48828125 0.375 0.0203125 0.05555555555555555
0 0.250781 0.365278 0.014063 0.041667
0 0.192969 0.450000 0.070312 0.144444
0 0.236719 0.370833 0.017187 0.047222
4 0.400000 0.370833 0.018750 0.052778
4 0.696094 0.463889 0.070312 0.144444
4 0.389062 0.362500 0.009375 0.041667
4 0.635156 0.411111 0.032813 0.083333
4 0.6640625 0.3819444444444444 0.015625 0.058333333333333334
4 0.641406 0.369444 0.014062 0.044444
3 0.466406 0.384722 0.023438 0.058333
3 0.672656 0.390278 0.023438 0.058333
3 0.275000 0.381944 0.018750 0.058333
1 0.549219 0.359722 0.007812 0.036111
1 0.578906 0.358333 0.007812 0.033333
2 0.343750 0.351389 0.015625 0.052778
2 0.286719 0.345833 0.010937 0.047222
