0 0.53203125 0.3611111111111111 0.0171875 0.06111111111111111
0 0.204688 0.356944 0.021875 0.058333
0 0.165625 0.365278 0.018750 0.069444
0 0.102344 0.455556 0.098437 0.183333
0 0.516406 0.376389 0.026562 0.075000
4 0.785937 0.390278 0.028125 0.080556
4 0.391406 0.368056 0.029687 0.080556
4 0.800000 0.481944 0.093750 0.180556
4 0.730469 0.369444 0.023438 0.061111
3 0.825781 0.416667 0.029687 0.100000
3 0.177344 0.390278 0.051563 0.102778
3 0.478906 0.401389 0.039062 0.097222
1 0.604688 0.354167 0.012500 0.047222
1 0.641406 0.352778 0.010937 0.044444
2 0.33671875 0.3356481481481481 0.030729166666666696 0.07499999999999996
2 0.274219 0.331944 0.017188 0.058333
