2 0.910156 0.479167 0.120313 0.297222
2 0.457031 0.348611 0.026563 0.091667
2 0.650781 0.334722 0.020312 0.069444
3 0.852344 0.343056 0.020313 0.052778
3 0.768750 0.333333 0.015625 0.044444
3 0.778125 0.379167 0.031250 0.075000
3 0.409375 0.436111 0.065625 0.150000
3 0.479687 0.340278 0.015625 0.041667
3 0.979688 0.413889 0.037500 0.100000
3 0.886719 0.358333 0.026563 0.061111
3 0.232813 0.631944 0.168750 0.386111
3 0.390625 0.350000 0.018750 0.055556
3 0.5953125 0.39166666666666666 0.0375 0.08888888888888889
3 0.579688 0.355556 0.018750 0.055556
