3 0.648438 0.413889 0.012500 0.033333
3 0.866406 0.429167 0.020313 0.047222
3 0.560938 0.404167 0.009375 0.025000
3 0.482812 0.411111 0.012500 0.027778
3 0.668750 0.418056 0.015625 0.041667
3 0.498437 0.420833 0.012500 0.036111
3 0.423438 0.413889 0.012500 0.033333
3 0.450000 0.425000 0.015625 0.038889
3 0.846875 0.415278 0.015625 0.036111
3 0.690625 0.404167 0.009375 0.025000
3 0.383594 0.422222 0.014062 0.038889
3 0.889062 0.415278 0.015625 0.036111
3 0.532031 0.412500 0.010937 0.030556
3 0.716406 0.400000 0.010938 0.022222
3 0.797656 0.411111 0.014062 0.033333
