0 0.715625 0.711111 0.181250 0.427778
0 0.246875 0.469444 0.059375 0.138889
0 0.587500 0.388889 0.012500 0.038889
0 0.757812 0.401389 0.015625 0.047222
0 0.970313 0.398611 0.012500 0.030556
4 0.528906 0.580556 0.126562 0.266667
3 0.6401041666666666 0.3993518518518518 0.019791666666666607 0.05214814814814825
2 0.4780520833333333 0.37211111111111106 0.02604166666666661 0.06644444444444444
3 0.6716510416666666 0.3873240740740741 0.017411458333333307 0.03601851851851844
2 0.6877968749999999 0.37899074074074074 0.018453124999999914 0.04845370370370373
4 0.704015625 0.4106111111111111 0.029463541666666693 0.06555555555555546
