2 0.684375 0.504167 0.090625 0.269444
2 0.414062 0.605556 0.159375 0.455556
2 0.466406 0.463889 0.051563 0.194444
2 0.438281 0.411111 0.007812 0.027778
3 0.205469 0.413889 0.014063 0.033333
3 0.040625 0.415278 0.015625 0.036111
3 0.270312 0.412500 0.012500 0.030556
3 0.289844 0.416667 0.014062 0.038889
3 0.315625 0.413889 0.012500 0.033333
3 0.107031 0.418056 0.017188 0.041667
3 0.237500 0.411111 0.009375 0.027778
3 0.231250 0.419444 0.015625 0.044444
3 0.437500 0.411111 0.009375 0.027778
3 0.135156 0.411111 0.014063 0.033333
3 0.390625 0.411111 0.009375 0.033333
3 0.304688 0.408333 0.009375 0.027778
3 0.374219 0.415278 0.014062 0.036111
3 0.360938 0.409722 0.009375 0.030556
