2 0.035156 0.320833 0.032812 0.097222
2 0.761719 0.344444 0.048437 0.122222
2 0.028906 0.469444 0.057813 0.227778
2 0.324219 0.306944 0.023438 0.069444
2 0.996875 0.4111111111111111 0.00625 0.005555555555555556
3 0.637500 0.336111 0.028125 0.072222
3 0.504687 0.325000 0.021875 0.061111
3 0.009375 0.323611 0.018750 0.058333
3 0.357812 0.347222 0.031250 0.072222
3 0.460938 0.376389 0.028125 0.097222
3 0.157031 0.312500 0.017187 0.041667
3 0.103906 0.356944 0.042188 0.091667
3 0.218750 0.326389 0.021875 0.058333
3 0.485938 0.415278 0.065625 0.136111
3 0.466406 0.305556 0.014063 0.038889
3 0.511719 0.313889 0.014063 0.050000
3 0.658594 0.311111 0.020312 0.055556
