0 0.414844 0.404167 0.014062 0.052778
0 0.163281 0.394444 0.017187 0.044444
0 0.244531 0.473611 0.054687 0.125000
0 0.275781 0.431944 0.026562 0.080556
0 0.192969 0.404167 0.020313 0.052778
4 0.308594 0.393056 0.017188 0.041667
4 0.329688 0.402778 0.018750 0.050000
4 0.668750 0.486111 0.053125 0.116667
4 0.5453125 0.40555555555555556 0.015625 0.044444444444444446
4 0.577344 0.434722 0.026562 0.086111
3 0.406250 0.418056 0.021875 0.052778
3 0.593750 0.426389 0.015625 0.052778
3 0.223438 0.411111 0.025000 0.061111
1 0.456250 0.394444 0.009375 0.033333
1 0.479687 0.393056 0.006250 0.030556
2 0.254688 0.379167 0.015625 0.052778
2 0.186719 0.375000 0.010938 0.050000
