0 0.017188 0.408333 0.034375 0.094444
0 0.033594 0.387500 0.023438 0.069444
0 0.414062 0.408333 0.031250 0.088889
0 0.425000 0.384722 0.015625 0.063889
4 0.809375 0.559722 0.125000 0.236111
4 0.632812 0.394444 0.021875 0.061111
4 0.265625 0.398611 0.037500 0.097222
4 0.710156 0.422222 0.039062 0.088889
3 0.756250 0.451389 0.056250 0.113889
3 0.378125 0.441667 0.050000 0.116667
3 0.006250 0.475000 0.012500 0.061111
1 0.533594 0.376389 0.010938 0.047222
1 0.499219 0.377778 0.014062 0.050000
2 0.1984375 0.36527777777777776 0.025 0.08055555555555556
2 0.121875 0.356944 0.021875 0.069444
