2 0.060156 0.252778 0.035937 0.105556
2 0.907813 0.250000 0.015625 0.094444
2 0.600000 0.220833 0.012500 0.052778
2 0.408594 0.223611 0.014063 0.058333
2 0.210156 0.230556 0.023438 0.066667
2 0.883594 0.291667 0.057812 0.161111
2 0.632812 0.258333 0.028125 0.100000
2 0.517969 0.244444 0.020312 0.077778
3 0.657813 0.236111 0.012500 0.038889
3 0.509375 0.237500 0.009375 0.041667
3 0.566406 0.245833 0.017187 0.047222
3 0.920312 0.526389 0.156250 0.336111
3 0.6078125 0.23472222222222222 0.015625 0.041666666666666664
3 0.477344 0.226389 0.010937 0.036111
3 0.680469 0.226389 0.010937 0.036111
3 0.311719 0.236111 0.010937 0.044444
3 0.082812 0.248611 0.025000 0.063889
3 0.468750 0.277778 0.028125 0.072222
3 0.215625 0.344444 0.068750 0.133333
3 0.825000 0.276389 0.034375 0.080556
3 0.317188 0.263889 0.025000 0.066667
3 0.372656 0.250000 0.020313 0.050000
3 0.029687 0.288889 0.043750 0.088889
3 0.858594 0.247222 0.023438 0.055556
3 0.527344 0.362500 0.073438 0.152778
3 0.667188 0.255556 0.021875 0.055556
