3 0.477344 0.480556 0.020313 0.050000
3 0.636719 0.479167 0.014063 0.036111
3 0.651563 0.487500 0.015625 0.041667
3 0.260156 0.450000 0.017187 0.038889
3 0.420312 0.468056 0.015625 0.041667
3 0.514844 0.470833 0.014062 0.036111
3 0.719531 0.490278 0.017188 0.041667
3 0.389844 0.476389 0.020313 0.052778
3 0.596094 0.488889 0.020312 0.050000
3 0.287500 0.461111 0.018750 0.044444
3 0.489844 0.465278 0.010937 0.036111
3 0.367188 0.445833 0.012500 0.030556
3 0.755469 0.487500 0.014062 0.036111
3 0.548438 0.477778 0.015625 0.044444
3 0.575000 0.472222 0.012500 0.033333
3 0.66328125 0.4791666666666667 0.0109375 0.03611111111111111
