2 0.275000 0.377778 0.021875 0.072222
2 0.381250 0.356944 0.009375 0.036111
2 0.667188 0.379167 0.015625 0.047222
2 0.489844 0.359722 0.007812 0.036111
2 0.453125 0.380556 0.015625 0.055556
2 0.481250 0.394444 0.018750 0.072222
2 0.921875 0.418056 0.028125 0.080556
2 0.351562 0.373611 0.015625 0.041667
2 0.834375 0.497222 0.084375 0.222222
2 0.776563 0.404167 0.018750 0.058333
2 0.559375 0.412500 0.025000 0.091667
3 0.75703125 0.3902777777777778 0.0140625 0.03611111111111111
3 0.657031 0.368056 0.007812 0.025000
3 0.576563 0.370833 0.009375 0.025000
3 0.389844 0.394444 0.014062 0.050000
3 0.155469 0.434722 0.039062 0.102778
3 0.510156 0.376389 0.010938 0.030556
3 0.750781 0.448611 0.035938 0.080556
3 0.144531 0.388889 0.017188 0.061111
3 0.607031 0.412500 0.020312 0.052778
3 0.123438 0.462500 0.068750 0.136111
3 0.426562 0.373611 0.012500 0.030556
3 0.353906 0.362500 0.010937 0.025000
3 0.564062 0.356944 0.006250 0.019444
3 0.351562 0.379167 0.015625 0.030556
3 0.378906 0.409722 0.023438 0.058333
3 0.745313 0.429167 0.021875 0.058333
3 0.630469 0.377778 0.010938 0.027778
3 0.584375 0.365278 0.006250 0.025000
3 0.300781 0.376389 0.017188 0.041667
3 0.444531 0.366667 0.007812 0.027778
3 0.86015625 0.4236111111111111 0.0171875 0.05277777777777778
3 0.550781 0.388889 0.010938 0.038889
3 0.404687 0.358333 0.009375 0.022222
3 0.435156 0.430556 0.032812 0.077778
3 0.584375 0.468056 0.050000 0.113889
3 0.682813 0.405556 0.015625 0.038889
3 0.389062 0.540278 0.087500 0.202778
