2 0.8609375 0.3347222222222222 0.021875 0.06388888888888888
2 0.762500 0.331944 0.006250 0.019444
2 0.650000 0.423611 0.068750 0.069444
2 0.746094 0.365278 0.039062 0.102778
2 0.743750 0.509722 0.106250 0.330556
2 0.757031 0.329167 0.017188 0.030556
3 0.964844 0.337500 0.017187 0.041667
3 0.736719 0.381944 0.020312 0.069444
3 0.965625 0.370833 0.028125 0.058333
3 0.762500 0.331944 0.006250 0.019444
3 0.487500 0.444444 0.068750 0.144444
3 0.902344 0.765278 0.192187 0.463889
3 0.736719 0.381944 0.020312 0.069444
3 0.931250 0.437500 0.050000 0.113889
