0 0.30546875 0.4731481481481481 0.030208333333333302 0.08611111111111111
3 0.5427083333333333 0.487037037037037 0.034375 0.08518518518518524
2 0.05234375 0.4736111111111111 0.0578125 0.14166666666666666
2 0.6450520833333333 0.4481481481481481 0.019270833333333393 0.07685185185185191
2 0.2513020833333333 0.437037037037037 0.022395833333333302 0.07592592592592587
0 0.6143229166666666 0.4708333333333333 0.02604166666666661 0.07037037037037032
3 0.28125 0.45416666666666666 0.021354166666666695 0.05740740740740746
4 0.7817708333333333 0.4925925925925925 0.03229166666666661 0.09444444444444444
3 0.5018229166666666 0.4546296296296296 0.01875 0.050925925925925875
3 0.4203125 0.44583333333333336 0.014583333333333393 0.03611111111111111
0 0.48125 0.4435185185185185 0.013541666666666608 0.034259259259259205
4 0.3692708333333333 0.4509259259259259 0.017708333333333305 0.051851851851851906
4 0.596875 0.45 0.015104166666666608 0.043518518518518574