2 0.020313 0.336111 0.040625 0.116667
2 0.966406 0.420833 0.064063 0.252778
2 0.097656 0.304167 0.017187 0.063889
2 0.734375 0.362500 0.046875 0.125000
2 0.377344 0.295833 0.014063 0.052778
2 0.572656 0.334722 0.029687 0.091667
3 0.876563 0.766667 0.218750 0.461111
3 0.083594 0.306944 0.010938 0.041667
3 0.107031 0.429167 0.076563 0.152778
3 0.256250 0.306944 0.015625 0.036111
3 0.285937 0.320833 0.018750 0.047222
3 0.539844 0.300000 0.014062 0.038889
3 0.65 0.3333333333333333 0.025 0.06666666666666667
1 0.31119791666666663 0.34398148148148144 0.0265625 0.07870370370370373
1 0.19895833333333332 0.3143518518518518 0.02291666666666665 0.05092592592592595
