2 0.237500 0.362500 0.012500 0.041667
2 0.223438 0.359722 0.015625 0.047222
2 0.209375 0.363889 0.009375 0.033333
2 0.060156 0.361111 0.010938 0.038889
2 0.185938 0.359722 0.012500 0.047222
2 0.274219 0.362500 0.010937 0.036111
2 0.172656 0.363889 0.010938 0.038889
2 0.042188 0.362500 0.012500 0.041667
3 0.294531 0.423611 0.039062 0.097222
3 0.021875 0.538889 0.043750 0.122222
3 0.820312 0.479167 0.068750 0.152778
3 0.251563 0.475000 0.081250 0.155556
3 0.738281 0.426389 0.039062 0.097222
3 0.528125 0.450000 0.050000 0.122222
3 0.995313 0.431944 0.006250 0.036111
3 0.578906 0.630556 0.167187 0.333333
3 0.457813 0.409722 0.031250 0.080556
3 0.507031 0.400000 0.023438 0.066667
3 0.717969 0.402778 0.023438 0.072222
