0 0.701562 0.390278 0.018750 0.047222
0 0.641406 0.419444 0.042187 0.094444
0 0.625000 0.397222 0.025000 0.066667
0 0.671094 0.379167 0.020313 0.036111
4 0.551562 0.355556 0.015625 0.033333
4 0.538281 0.359722 0.017188 0.036111
4 0.860938 0.451389 0.050000 0.097222
4 0.739844 0.412500 0.032813 0.069444
4 0.321875 0.376389 0.043750 0.097222
4 0.521875 0.366667 0.021875 0.044444
4 0.414062 0.362500 0.031250 0.063889
3 0.792188 0.412500 0.021875 0.047222
3 0.449219 0.366667 0.020312 0.050000
1 0.264062 0.447222 0.050000 0.183333
1 0.485938 0.420833 0.031250 0.125000
