0 0.524219 0.356944 0.007812 0.036111
0 0.514844 0.361111 0.014062 0.038889
0 0.292969 0.477778 0.098437 0.188889
0 0.737500 0.368056 0.018750 0.052778
0 0.582812 0.384722 0.025000 0.069444
0 0.535937 0.408333 0.037500 0.094444
4 0.893750 0.372222 0.015625 0.044444
4 0.877344 0.404167 0.029687 0.075000
4 0.642188 0.358333 0.012500 0.038889
4 0.922656 0.438889 0.054688 0.111111
4 0.653906 0.363889 0.017188 0.044444
4 0.915625 0.381944 0.018750 0.052778
3 0.717969 0.377778 0.020313 0.050000
3 0.918750 0.391667 0.021875 0.055556
3 0.55859375 0.37083333333333335 0.0203125 0.05277777777777778
2 0.598437 0.345833 0.015625 0.047222
2 0.548438 0.343056 0.012500 0.041667
