2 0.541406 0.355556 0.035937 0.111111
2 0.694531 0.331944 0.017188 0.047222
2 0.234375 0.363889 0.021875 0.100000
2 0.783594 0.411111 0.051562 0.183333
2 0.312500 0.315278 0.015625 0.063889
2 0.252344 0.393056 0.076563 0.208333
2 0.234375 0.363889 0.021875 0.100000
2 0.776563 0.334722 0.021875 0.069444
2 0.450781 0.306944 0.014063 0.052778
3 0.321875 0.343056 0.028125 0.086111
3 0.495313 0.401389 0.046875 0.113889
3 0.621094 0.348611 0.020312 0.052778
3 0.596875 0.325000 0.015625 0.038889
3 0.694531 0.330556 0.017188 0.044444
3 0.234375 0.365278 0.021875 0.097222
3 0.400781 0.320833 0.014063 0.041667
3 0.525000 0.336111 0.015625 0.044444
3 0.806250 0.554167 0.137500 0.269444
3 0.535156 0.306944 0.007812 0.030556
3 0.934375 0.388889 0.031250 0.072222
3 0.413281 0.337500 0.020313 0.052778
3 0.234375 0.365278 0.021875 0.097222
3 0.924219 0.350000 0.020312 0.055556
3 0.584375 0.316667 0.012500 0.033333
3 0.664844 0.365278 0.026562 0.063889
3 0.689063 0.315278 0.012500 0.036111
