0 0.340625 0.461111 0.040625 0.105556
0 0.361719 0.430556 0.020313 0.072222
0 0.253906 0.395833 0.014062 0.041667
0 0.132812 0.600000 0.140625 0.272222
0 0.282813 0.404167 0.018750 0.047222
0 0.483594 0.406944 0.014062 0.052778
4 0.404687 0.404167 0.015625 0.047222
4 0.713281 0.481944 0.045312 0.102778
4 0.607812 0.411111 0.012500 0.038889
4 0.385156 0.397222 0.014063 0.038889
4 0.634375 0.444444 0.025000 0.066667
4 0.641406 0.416667 0.007812 0.038889
3 0.652344 0.430556 0.017187 0.050000
3 0.312500 0.411111 0.021875 0.055556
3 0.475781 0.419444 0.020313 0.050000
3 0.522656 0.398611 0.007812 0.030556
1 0.522656 0.398611 0.007812 0.030556
1 0.546094 0.398611 0.007812 0.030556
2 0.334375 0.384722 0.012500 0.047222
2 0.274219 0.379167 0.010937 0.047222
