0 0.177344 0.375000 0.020313 0.066667
0 0.228125 0.433333 0.056250 0.133333
0 0.46875 0.38055555555555554 0.01875 0.07777777777777778
0 0.049219 0.583333 0.098437 0.327778
0 0.160156 0.359722 0.017188 0.052778
4 0.715625 0.452778 0.059375 0.122222
4 0.684375 0.397222 0.025000 0.066667
4 0.356250 0.376389 0.025000 0.063889
4 0.630469 0.379167 0.020312 0.052778
4 0.974219 0.659722 0.048438 0.175000
4 0.3390625 0.3638888888888889 0.01875 0.05555555555555555
3 0.197656 0.388889 0.029688 0.083333
3 0.707031 0.412500 0.023438 0.075000
3 0.453125 0.400000 0.031250 0.077778
1 0.521875 0.363889 0.009375 0.038889
1 0.550000 0.363889 0.009375 0.038889
2 0.278906 0.345833 0.020313 0.063889
2 0.209375 0.338889 0.018750 0.055556
