4 0.6791666666666666 0.5814814814814814 0.1015625 0.2324074074074073
0 0.6140625 0.4078703703703703 0.013541666666666608 0.043518518518518574
3 0.71953125 0.4282407407407407 0.01822916666666661 0.04722222222222222
2 0.4950520833333333 0.38379629629629625 0.017708333333333392 0.05555555555555555
0 0.81640625 0.44259259259259254 0.016666666666666784 0.043518518518518574
4 0.8427083333333332 0.4523148148148148 0.023958333333333214 0.05648148148148143
0 0.6661458333333333 0.4078703703703703 0.011458333333333393 0.03240740740740746
4 0.92265625 0.45 0.013541666666666785 0.034259259259259205
3 0.7971354166666667 0.43101851851851847 0.014583333333333304 0.03333333333333333
3 0.7848958333333333 0.4268518518518518 0.011458333333333393 0.025925925925925873
2 0.7419270833333333 0.40694444444444444 0.0140625 0.03796296296296302
2 0.63984375 0.39953703703703697 0.016145833333333394 0.04537037037037032
2 0.97578125 0.4523148148148148 0.014583333333333216 0.043518518518518574
4 0.7075520833333333 0.41620370370370363 0.011979166666666607 0.037037037037036986
3 0.7994791666666666 0.4328703703703703 0.0140625 0.034259259259259205
0 0.85546875 0.43472222222222223 0.009375 0.027777777777777776