3 0.541406 0.365278 0.007812 0.025000
3 0.687500 0.387500 0.015625 0.041667
3 0.565625 0.359722 0.009375 0.030556
3 0.228906 0.380556 0.014063 0.038889
3 0.335156 0.370833 0.014062 0.030556
3 0.271875 0.372222 0.012500 0.033333
3 0.517188 0.377778 0.015625 0.038889
3 0.298438 0.383333 0.015625 0.038889
3 0.385938 0.370833 0.012500 0.030556
3 0.416406 0.365278 0.010937 0.025000
3 0.350781 0.379167 0.014062 0.036111
3 0.675781 0.376389 0.010938 0.030556
3 0.714063 0.376389 0.012500 0.030556
3 0.500000 0.375000 0.012500 0.033333
3 0.635156 0.372222 0.010938 0.027778
