1 0.868750 0.544444 0.065625 0.233333
2 0.253906 0.373611 0.007812 0.030556
2 0.075781 0.363889 0.007812 0.027778
2 0.278125 0.370833 0.006250 0.025000
2 0.184375 0.368056 0.006250 0.030556
2 0.296875 0.372222 0.006250 0.027778
2 0.044531 0.365278 0.007812 0.013889
2 0.214062 0.369444 0.006250 0.027778
2 0.175000 0.369444 0.009375 0.033333
2 0.112500 0.363889 0.009375 0.027778
2 0.148438 0.365278 0.006250 0.025000
2 0.062500 0.365278 0.006250 0.013889
2 0.100000 0.362500 0.009375 0.025000
2 0.221875 0.368056 0.006250 0.025000
2 0.140625 0.365278 0.006250 0.025000
