4 0.11588541666666666 0.3185185185185185 0.053125 0.12314814814814809
0 0.340625 0.30833333333333335 0.03125 0.08240740740740739
3 0.8526041666666666 0.36527777777777776 0.031770833333333214 0.0731481481481481
0 0.6981770833333333 0.36666666666666664 0.044791666666666605 0.1
4 0.9330729166666666 0.3574074074074074 0.021354166666666785 0.059259259259259206
0 0.8825520833333332 0.34305555555555556 0.014583333333333216 0.03981481481481476
0 0.5994791666666666 0.32685185185185184 0.027083333333333393 0.06203703703703699
4 0.5333333333333333 0.32037037037037036 0.02864583333333339 0.06666666666666667
4 0.9838541666666666 0.3560185185185185 0.011979166666666785 0.03333333333333333
4 0.9510416666666666 0.35138888888888886 0.011458333333333215 0.03796296296296302
0 0.8057291666666666 0.3375 0.009895833333333215 0.024074074074074046