3 0.814844 0.430556 0.007812 0.033333
3 0.578906 0.420833 0.010937 0.030556
3 0.831250 0.438889 0.015625 0.038889
3 0.903125 0.437500 0.015625 0.036111
3 0.676562 0.434722 0.015625 0.041667
3 0.848437 0.434722 0.015625 0.036111
3 0.668750 0.423611 0.009375 0.030556
3 0.560156 0.426389 0.014062 0.036111
3 0.806250 0.431944 0.012500 0.030556
3 0.503125 0.419444 0.012500 0.033333
3 0.707031 0.427778 0.014063 0.033333
3 0.909375 0.434722 0.009375 0.030556
3 0.735156 0.434722 0.017188 0.041667
3 0.646094 0.426389 0.014062 0.036111
3 0.74375 0.42777777777777776 0.009375 0.03333333333333333
3 0.757031 0.431944 0.014062 0.036111
