0 0.9703125 0.45 0.971875 0.4527777777777778 0.984375 0.4527777777777778 0.9875 0.4583333333333333 0.9984375 0.5361111111111111 0.9984375 0.7777777777777778 0.9921875 0.7777777777777778 0.990625 0.775 0.9765625 0.775 0.975 0.7777777777777778 0.9515625 0.775 0.8875 0.7194444444444444 0.8875 0.7166666666666667 0.90625 0.7166666666666667 0.9125 0.7138888888888889 0.915625 0.7083333333333334 0.959375 0.45555555555555555 0.9640625 0.45 0.96875 0.45
0 0.615625 0.38055555555555554 0.615625 0.36944444444444446 0.6203125 0.3527777777777778 0.621875 0.3527777777777778 0.625 0.3638888888888889 0.6265625 0.38055555555555554 0.625 0.38333333333333336 0.6171875 0.38055555555555554
0 0.3203125 0.3861111111111111 0.3234375 0.39166666666666666 0.328125 0.4305555555555556 0.33125 0.44166666666666665 0.33125 0.45 0.3375 0.4777777777777778 0.340625 0.5027777777777778 0.3453125 0.5138888888888888 0.35 0.5166666666666667 0.3453125 0.5194444444444445 0.3296875 0.5194444444444445 0.328125 0.5222222222222223 0.309375 0.5222222222222223 0.3078125 0.525 0.2890625 0.5166666666666667 0.296875 0.5083333333333333 0.2984375 0.48333333333333334 0.3078125 0.425 0.3109375 0.39166666666666666 0.3140625 0.3861111111111111 0.31875 0.3861111111111111
0 0.51875 0.3527777777777778 0.5234375 0.3861111111111111 0.521875 0.39166666666666666 0.5109375 0.3888888888888889 0.5125 0.3611111111111111 0.5171875 0.3527777777777778
0 0.671875 0.4 0.675 0.375 0.6796875 0.35833333333333334 0.684375 0.36666666666666664 0.684375 0.38333333333333336 0.6875 0.4 0.6734375 0.4
3 0.25625 0.8444444444444444 0.26875 0.85 0.278125 0.8638888888888889 0.28125 0.8833333333333333 0.2890625 0.9083333333333333 0.290625 0.9222222222222223 0.3 0.9583333333333334 0.3015625 0.9722222222222222 0.30625 0.9888888888888889 0.30625 0.9972222222222222 0.28125 0.9972222222222222 0.2796875 0.9944444444444445 0.2765625 0.9972222222222222 0.2734375 0.9944444444444445 0.25 0.9944444444444445 0.2484375 0.9972222222222222 0.1640625 0.9972222222222222 0.16875 0.9555555555555556 0.18125 0.8944444444444445 0.18125 0.8777777777777778 0.1859375 0.8694444444444445 0.2 0.8583333333333333 0.2125 0.8555555555555555 0.2171875 0.85 0.228125 0.8444444444444444 0.2546875 0.8444444444444444
3 0.565625 0.4 0.56875 0.375 0.5734375 0.35833333333333334 0.5765625 0.3638888888888889 0.58125 0.4 0.5671875 0.4
4 0.703125 0.4222222222222222 0.70625 0.41944444444444445 0.7171875 0.41944444444444445 0.721875 0.425 0.7234375 0.44722222222222224 0.7265625 0.4583333333333333 0.7296875 0.4888888888888889 0.7359375 0.5194444444444445 0.74375 0.5777777777777777 0.75 0.6055555555555555 0.75 0.6138888888888889 0.753125 0.6222222222222222 0.7609375 0.625 0.7609375 0.6305555555555555 0.7546875 0.65 0.71875 0.6472222222222223 0.7171875 0.6444444444444445 0.703125 0.6444444444444445 0.7015625 0.6416666666666667 0.690625 0.6416666666666667 0.6890625 0.6388888888888888 0.6703125 0.6388888888888888 0.665625 0.6333333333333333 0.6765625 0.6111111111111112 0.678125 0.6027777777777777 0.6859375 0.5472222222222223 0.6859375 0.5361111111111111 0.703125 0.425
2 0.40885416666666663 0.3641759259259259 0.015625 0.06115740740740737
2 0.6023802083333333 0.3598148148148148 0.014286458333333307 0.04449999999999995
3 0.5876510416666666 0.36722222222222217 0.011609374999999922 0.03814814814814819
4 0.6379479166666666 0.3869259259259259 0.022916666666666606 0.05374074074074065
4 0.65528125 0.36973148148148144 0.014432291666666685 0.03523148148148149
4 0.8726197916666667 0.37581481481481477 0.013093749999999816 0.04211111111111118
2 0.9473229166666666 0.37449074074074074 0.0196406249999999 0.05533333333333338