0 0.018750 0.412500 0.037500 0.097222
0 0.038281 0.388889 0.023438 0.072222
0 0.425781 0.413889 0.032813 0.088889
0 0.437500 0.390278 0.015625 0.063889
4 0.859375 0.581944 0.134375 0.252778
4 0.646094 0.400000 0.023438 0.061111
4 0.260937 0.400000 0.009375 0.038889
4 0.273438 0.402778 0.037500 0.100000
4 0.728125 0.427778 0.037500 0.094444
3 0.780469 0.461111 0.051563 0.116667
3 0.390625 0.448611 0.050000 0.119444
3 0.007812 0.479167 0.015625 0.063889
1 0.544531 0.380556 0.010938 0.044444
1 0.508594 0.381944 0.014062 0.052778
2 0.203906 0.363889 0.023438 0.077778
2 0.128125 0.356944 0.021875 0.069444
