2 0.514062 0.506944 0.075000 0.247222
2 0.161719 0.552778 0.157813 0.383333
2 0.367969 0.455556 0.060937 0.177778
3 0.404687 0.416667 0.012500 0.033333
3 0.099219 0.391667 0.014062 0.033333
3 0.324219 0.412500 0.014062 0.036111
3 0.283594 0.402778 0.010937 0.027778
3 0.426562 0.416667 0.012500 0.027778
3 0.250000 0.405556 0.012500 0.033333
3 0.265625 0.409722 0.015625 0.041667
3 0.350781 0.411111 0.010937 0.033333
3 0.189062 0.395833 0.012500 0.030556
3 0.312500 0.406944 0.009375 0.030556
3 0.471094 0.418056 0.010937 0.030556
3 0.41484375 0.41388888888888886 0.0078125 0.027777777777777776
3 0.483594 0.416667 0.010937 0.022222
