4 0.2872395833333333 0.3611111111111111 0.0442708333333333 0.10648148148148143
0 0.55 0.34398148148148144 0.03125 0.08425925925925928
0 0.9252604166666666 0.4037037037037037 0.06354166666666679 0.1361111111111111
4 0.7966145833333332 0.3504629629629629 0.029687499999999912 0.07870370370370369
0 0.0546875 0.28055555555555556 0.0140625 0.04259259259259262
3 0.1703125 0.2902777777777778 0.0171875 0.04259259259259262
0 0.09453125 0.2763888888888889 0.011458333333333338 0.03611111111111111
0 0.8901041666666666 0.35509259259259257 0.0359375 0.07870370370370373
0 0.2458333333333333 0.29305555555555557 0.014583333333333304 0.03611111111111111
3 0.22213541666666664 0.28564814814814815 0.013020833333333304 0.030555555555555555
2 0.35 0.28888888888888886 0.0125 0.03611111111111111
3 0.07109375 0.27314814814814814 0.013541666666666674 0.040740740740740716
3 0.2 0.2833333333333333 0.0125 0.025925925925925953
3 0.20338541666666665 0.28425925925925927 0.008854166666666673 0.025925925925925953
4 0.2734375 0.2972222222222222 0.015104166666666696 0.04629629629629627
0 0.2557291666666667 0.2912037037037037 0.0125 0.03611111111111111