0 0.70625 0.49722222222222223 0.7078125 0.5 0.71875 0.5 0.7234375 0.5055555555555555 0.728125 0.5472222222222223 0.7359375 0.5916666666666667 0.7359375 0.6027777777777777 0.7390625 0.6138888888888889 0.74375 0.6555555555555556 0.7484375 0.6777777777777778 0.7484375 0.6888888888888889 0.7515625 0.7 0.765625 0.8027777777777778 0.76875 0.8138888888888889 0.771875 0.8444444444444444 0.775 0.8555555555555555 0.7796875 0.8611111111111112 0.796875 0.9 0.803125 0.9083333333333333 0.80625 0.9166666666666666 0.80625 0.925 0.7734375 0.925 0.771875 0.9222222222222223 0.74375 0.9222222222222223 0.7421875 0.9194444444444444 0.6453125 0.9111111111111111 0.6375 0.8972222222222223 0.6359375 0.8805555555555555 0.6328125 0.8722222222222222 0.6328125 0.8638888888888889 0.625 0.8305555555555556 0.625 0.8166666666666667 0.6265625 0.8138888888888889 0.640625 0.8138888888888889 0.64375 0.8083333333333333 0.64375 0.8 0.6640625 0.6888888888888889 0.6703125 0.6388888888888888 0.675 0.6194444444444445 0.675 0.6083333333333333 0.6796875 0.5888888888888889 0.68125 0.5694444444444444 0.684375 0.5611111111111111 0.6921875 0.5055555555555555 0.6953125 0.5 0.7046875 0.49722222222222223
0 0.240625 0.4 0.25 0.4 0.253125 0.40555555555555556 0.2640625 0.48333333333333334 0.271875 0.525 0.2765625 0.5333333333333333 0.271875 0.5361111111111111 0.2203125 0.5388888888888889 0.2171875 0.5305555555555556 0.2234375 0.5222222222222223 0.225 0.5138888888888888 0.2265625 0.49166666666666664 0.240625 0.4027777777777778
0 0.58125 0.4083333333333333 0.584375 0.38055555555555554 0.5875 0.36944444444444446 0.590625 0.37222222222222223 0.5921875 0.38055555555555554 0.59375 0.4083333333333333 0.5828125 0.4083333333333333
0 0.7625 0.38055555555555554 0.765625 0.425 0.75 0.4222222222222222 0.75625 0.38055555555555554 0.7578125 0.37777777777777777 0.7609375 0.38055555555555554
0 0.9640625 0.4111111111111111 0.96875 0.3861111111111111 0.971875 0.38333333333333336 0.975 0.39166666666666666 0.9765625 0.41388888888888886 0.965625 0.41388888888888886
4 0.5203125 0.45 0.5234375 0.44722222222222224 0.534375 0.44722222222222224 0.5390625 0.4527777777777778 0.559375 0.6 0.5671875 0.6416666666666667 0.56875 0.6666666666666666 0.5734375 0.675 0.5796875 0.675 0.5921875 0.6833333333333333 0.553125 0.7138888888888889 0.5375 0.7138888888888889 0.5359375 0.7111111111111111 0.5 0.7027777777777777 0.484375 0.6944444444444444 0.475 0.6944444444444444 0.465625 0.6888888888888889 0.4703125 0.6833333333333333 0.484375 0.6777777777777778 0.4890625 0.6694444444444444 0.50625 0.5416666666666666 0.509375 0.5305555555555556 0.509375 0.5194444444444445 0.515625 0.475 0.5203125 0.4527777777777778
3 0.6401041666666666 0.3993518518518518 0.019791666666666607 0.05214814814814825
2 0.4780520833333333 0.37211111111111106 0.02604166666666661 0.06644444444444449
3 0.6716510416666666 0.3873240740740741 0.017411458333333307 0.03601851851851844
2 0.6877968749999999 0.37899074074074074 0.018453124999999914 0.048453703703703686
4 0.704015625 0.4106111111111111 0.029463541666666693 0.06555555555555546