0 0.6963541666666666 0.45046296296296295 0.047395833333333394 0.11481481481481476
4 0.4052083333333333 0.49583333333333335 0.07864583333333335 0.18055555555555555
0 0.017447916666666667 0.3527777777777778 0.013541666666666669 0.0398148148148148
3 0.11979166666666666 0.3703703703703703 0.021875 0.051851851851851864
0 0.2059895833333333 0.37175925925925923 0.016145833333333325 0.04537037037037036
3 0.16979166666666665 0.3638888888888889 0.01614583333333335 0.037962962962962976
3 0.9856770833333333 0.4708333333333333 0.028645833333333214 0.10740740740740747
4 0.24921875 0.37916666666666665 0.019791666666666697 0.050925925925925916
4 0.9729166666666667 0.45185185185185184 0.033333333333333215 0.0981481481481481
2 0.30963541666666666 0.36620370370370364 0.018229166666666696 0.04629629629629631
4 0.06614583333333332 0.35833333333333334 0.016666666666666673 0.03888888888888889
3 0.13098958333333333 0.36157407407407405 0.011458333333333348 0.03611111111111111
3 0.04791666666666666 0.3458333333333333 0.01666666666666667 0.03888888888888889
3 0.14192708333333331 0.35833333333333334 0.0140625 0.03148148148148147