0 0.46328125 0.39444444444444443 0.0203125 0.07777777777777778
0 0.150781 0.372222 0.014063 0.050000
0 0.182812 0.452778 0.065625 0.144444
0 0.160156 0.390278 0.017188 0.069444
4 0.710938 0.470833 0.065625 0.130556
4 0.334375 0.376389 0.015625 0.052778
4 0.349219 0.388889 0.023438 0.066667
4 0.63828125 0.39166666666666666 0.0203125 0.05555555555555555
4 0.980469 0.756944 0.035937 0.125000
4 0.689062 0.408333 0.025000 0.072222
3 0.442188 0.415278 0.031250 0.080556
3 0.721094 0.427778 0.020312 0.077778
3 0.1703125 0.40694444444444444 0.025 0.09166666666666666
1 0.525000 0.376389 0.009375 0.041667
1 0.554688 0.375000 0.009375 0.038889
2 0.276563 0.359722 0.018750 0.063889
2 0.208594 0.352778 0.017187 0.055556
