0 0.104688 0.379167 0.025000 0.075000
0 0.490625 0.390278 0.031250 0.086111
0 0.5078125 0.37222222222222223 0.01875 0.06666666666666667
0 0.142969 0.368056 0.023438 0.063889
4 0.347656 0.383333 0.035937 0.088889
4 0.862500 0.550000 0.134375 0.250000
4 0.359375 0.366667 0.015625 0.066667
4 0.7984375 0.4097222222222222 0.040625 0.09722222222222222
4 0.725000 0.380556 0.025000 0.066667
3 0.832812 0.438889 0.040625 0.116667
3 0.079687 0.413889 0.056250 0.122222
3 0.444531 0.423611 0.048438 0.113889
1 0.587500 0.363889 0.012500 0.050000
1 0.625000 0.362500 0.012500 0.047222
2 0.295312 0.347222 0.021875 0.077778
2 0.228906 0.341667 0.020313 0.066667
