0 0.027344 0.394444 0.029688 0.088889
0 0.018750 0.541667 0.037500 0.127778
0 0.387500 0.390278 0.025000 0.080556
0 0.392188 0.372222 0.015625 0.061111
4 0.580469 0.377778 0.020312 0.055556
4 0.237500 0.372222 0.015625 0.061111
4 0.705469 0.484722 0.085938 0.169444
4 0.250781 0.390278 0.032813 0.080556
4 0.643750 0.397222 0.028125 0.077778
3 0.676562 0.420833 0.031250 0.091667
3 0.360938 0.419444 0.040625 0.100000
3 0.021875 0.423611 0.043750 0.113889
2 0.172656 0.355556 0.023438 0.077778
1 0.489844 0.362500 0.010937 0.041667
1 0.457031 0.365278 0.010938 0.047222
2 0.094531 0.351389 0.020312 0.069444
