2 0.489844 0.295833 0.010937 0.041667
2 0.340625 0.327778 0.031250 0.088889
2 0.220313 0.409722 0.093750 0.236111
2 0.342969 0.297222 0.010937 0.027778
2 0.329688 0.301389 0.012500 0.052778
2 0.288281 0.354167 0.042187 0.136111
2 0.705469 0.312500 0.020312 0.069444
2 0.945312 0.375000 0.068750 0.055556
3 0.509375 0.386111 0.040625 0.100000
3 0.103125 0.330556 0.028125 0.066667
3 0.520312 0.338889 0.015625 0.055556
3 0.366406 0.319444 0.017188 0.044444
3 0.180469 0.351389 0.032812 0.080556
3 0.776563 0.430556 0.065625 0.144444
3 0.312500 0.302778 0.012500 0.033333
3 0.493750 0.316667 0.015625 0.038889
3 0.424219 0.308333 0.014063 0.033333
3 0.392969 0.300000 0.010937 0.027778
3 0.534375 0.326389 0.015625 0.047222
3 0.696875 0.576389 0.143750 0.319444
3 0.592969 0.302778 0.014062 0.044444
3 0.611719 0.300000 0.014062 0.033333
3 0.660156 0.312500 0.017187 0.041667
3 0.839844 0.325000 0.023438 0.055556
3 0.994531 0.425000 0.007812 0.022222
3 0.714844 0.356944 0.026563 0.069444
