1 0.812500 0.459722 0.031250 0.080556
2 0.307812 0.395833 0.021875 0.075000
2 0.939844 0.490278 0.073438 0.175000
2 0.189844 0.486111 0.101562 0.250000
2 0.361719 0.372222 0.007812 0.038889
2 0.450781 0.391667 0.014063 0.055556
2 0.787500 0.413889 0.018750 0.055556
2 0.688281 0.401389 0.014062 0.047222
2 0.899219 0.426389 0.017188 0.069444
2 0.582812 0.422222 0.028125 0.083333
2 0.500000 0.397222 0.015625 0.083333
2 0.503125 0.375000 0.009375 0.038889
3 0.210156 0.405556 0.014063 0.061111
3 0.841406 0.587500 0.101562 0.219444
3 0.328125 0.373611 0.009375 0.025000
3 0.885156 0.454167 0.026563 0.063889
3 0.355469 0.387500 0.014062 0.036111
3 0.271875 0.445833 0.040625 0.097222
3 0.489063 0.388889 0.009375 0.027778
3 0.288281 0.395833 0.017188 0.047222
3 0.614062 0.423611 0.018750 0.047222
3 0.432031 0.376389 0.007812 0.025000
3 0.989844 0.445833 0.017188 0.058333
3 0.510156 0.441667 0.029688 0.072222
3 0.620313 0.379167 0.009375 0.025000
3 0.722656 0.401389 0.014063 0.030556
1 0.5513020833333333 0.4 0.0140625 0.04074074074074079
1 0.4216145833333333 0.3810185185185185 0.008854166666666607 0.030555555555555555
