0 0.271094 0.434722 0.076563 0.163889
0 0.258594 0.344444 0.017188 0.055556
0 0.2359375 0.33611111111111114 0.01875 0.05
0 0.498437 0.341667 0.015625 0.061111
0 0.331250 0.377778 0.040625 0.094444
4 0.642188 0.338889 0.018750 0.044444
4 0.690625 0.383333 0.040625 0.094444
4 0.404687 0.341667 0.021875 0.055556
4 0.832031 0.447222 0.079687 0.161111
4 0.385156 0.331944 0.017187 0.047222
4 0.681250 0.350000 0.018750 0.055556
3 0.289062 0.352778 0.025000 0.066667
3 0.703906 0.362500 0.017188 0.063889
3 0.486719 0.356944 0.026562 0.063889
3 0.569531 0.327778 0.010937 0.033333
2 0.333594 0.319444 0.017187 0.055556
2 0.269531 0.315278 0.017188 0.052778
