0 0.184375 0.358333 0.009375 0.016667
0 0.154688 0.487500 0.096875 0.186111
0 0.514844 0.405556 0.023438 0.077778
0 0.521875 0.387500 0.012500 0.058333
4 0.387500 0.398611 0.028125 0.075000
4 0.844531 0.518056 0.095313 0.175000
4 0.375781 0.381944 0.014062 0.058333
4 0.712500 0.398611 0.021875 0.058333
4 0.780469 0.422222 0.032813 0.083333
3 0.8171875 0.45 0.0375 0.1
3 0.188281 0.418056 0.035937 0.102778
3 0.489844 0.430556 0.039062 0.100000
1 0.585156 0.381944 0.010937 0.047222
1 0.617188 0.380556 0.009375 0.044444
2 0.317187 0.362500 0.018750 0.069444
2 0.248438 0.355556 0.018750 0.061111
