2 0.737500 0.380556 0.015625 0.072222
2 0.352344 0.376389 0.029687 0.102778
2 0.258594 0.327778 0.014062 0.050000
2 0.394531 0.326389 0.010938 0.041667
2 0.052344 0.355556 0.032813 0.105556
2 0.330469 0.354167 0.020313 0.069444
2 0.451562 0.406944 0.040625 0.141667
2 0.599219 0.347222 0.017188 0.055556
2 0.938281 0.398611 0.039062 0.108333
3 0.118750 0.352778 0.025000 0.055556
3 0.466406 0.362500 0.007812 0.052778
3 0.754687 0.468056 0.062500 0.136111
3 0.296094 0.326389 0.010937 0.025000
3 0.459375 0.591667 0.146875 0.288889
3 0.526563 0.400000 0.028125 0.072222
3 0.342187 0.336111 0.009375 0.033333
3 0.229687 0.329167 0.012500 0.030556
3 0.415625 0.345833 0.012500 0.036111
3 0.481250 0.327778 0.009375 0.027778
3 0.224219 0.376389 0.023438 0.069444
3 0.200781 0.348611 0.020313 0.047222
3 0.555469 0.345833 0.014062 0.036111
3 0.621094 0.383333 0.020312 0.050000
3 0.842187 0.401389 0.028125 0.063889
3 0.720313 0.423611 0.034375 0.086111
3 0.493750 0.338889 0.012500 0.033333
3 0.503906 0.333333 0.007812 0.027778
3 0.173438 0.405556 0.040625 0.100000
3 0.701562 0.359722 0.015625 0.041667
3 0.585938 0.334722 0.012500 0.030556
3 0.309375 0.344444 0.015625 0.038889
3 0.216406 0.454167 0.067188 0.152778
