2 0.136719 0.341667 0.010937 0.038889
2 0.300000 0.348611 0.012500 0.041667
2 0.089063 0.341667 0.009375 0.050000
2 0.249219 0.347222 0.014062 0.050000
2 0.192969 0.345833 0.010937 0.036111
2 0.371875 0.350000 0.009375 0.038889
2 0.235156 0.345833 0.014063 0.047222
2 0.287500 0.347222 0.009375 0.038889
2 0.097656 0.343056 0.010937 0.041667
2 0.170313 0.344444 0.012500 0.038889
2 0.332813 0.350000 0.009375 0.033333
2 0.419531 0.351389 0.010937 0.041667
3 0.802344 0.500000 0.082812 0.188889
3 0.048438 0.493056 0.096875 0.191667
3 0.141406 0.409722 0.042188 0.097222
3 0.413281 0.431944 0.051563 0.113889
