1 0.708594 0.327778 0.014062 0.044444
1 0.569531 0.405556 0.045312 0.133333
2 0.9109375 0.33611111111111114 0.021875 0.07222222222222222
2 0.466406 0.343056 0.035938 0.113889
2 0.502344 0.327778 0.023438 0.083333
2 0.4796875 0.3125 0.009375 0.041666666666666664
2 0.082813 0.455556 0.156250 0.366667
2 0.537500 0.297222 0.009375 0.027778
2 0.283594 0.306944 0.020313 0.080556
2 0.547656 0.309722 0.017188 0.069444
2 0.7484375 0.3 0.0125 0.044444444444444446
3 0.894531 0.308333 0.014063 0.033333
3 0.149219 0.309722 0.026563 0.063889
3 0.886719 0.415278 0.051562 0.113889
3 0.332812 0.309722 0.018750 0.047222
3 0.267969 0.354167 0.045313 0.097222
3 0.478906 0.309722 0.007812 0.041667
3 0.977344 0.337500 0.020313 0.047222
3 0.638281 0.354167 0.026563 0.063889
3 0.652344 0.302778 0.010938 0.027778
3 0.539062 0.298611 0.009375 0.025000
3 0.680469 0.313889 0.014062 0.033333
