2 0.775000 0.591667 0.137500 0.355556
2 0.865625 0.472222 0.050000 0.144444
2 0.267188 0.495833 0.065625 0.202778
2 0.482812 0.433333 0.009375 0.027778
2 0.456250 0.465278 0.040625 0.141667
2 0.636719 0.436111 0.010938 0.027778
3 0.570312 0.434722 0.009375 0.025000
3 0.680469 0.437500 0.010937 0.025000
3 0.6375 0.4388888888888889 0.0125 0.027777777777777776
3 0.442188 0.429167 0.009375 0.025000
3 0.699219 0.436111 0.010938 0.027778
3 0.517187 0.431944 0.009375 0.025000
3 0.490625 0.436111 0.012500 0.033333
3 0.633594 0.437500 0.007812 0.025000
3 0.576563 0.433333 0.006250 0.022222
3 0.409375 0.431944 0.012500 0.030556
3 0.375000 0.427778 0.009375 0.027778
3 0.610156 0.437500 0.010937 0.030556
3 0.539062 0.434722 0.012500 0.030556
3 0.621094 0.437500 0.007812 0.025000
3 0.483594 0.431944 0.007812 0.030556
