2 0.221875 0.487500 0.140625 0.352778
2 0.306250 0.330556 0.018750 0.077778
2 0.989844 0.587500 0.017188 0.013889
2 0.456250 0.316667 0.015625 0.055556
2 0.848437 0.333333 0.021875 0.083333
2 0.603125 0.377778 0.037500 0.138889
3 0.422656 0.355556 0.023438 0.061111
3 0.548437 0.343056 0.021875 0.058333
3 0.831250 0.380556 0.034375 0.083333
3 0.546094 0.313889 0.010937 0.033333
3 0.241406 0.333333 0.017187 0.044444
3 0.4046875 0.33611111111111114 0.01875 0.05
3 0.318750 0.379167 0.037500 0.091667
3 0.176563 0.411111 0.037500 0.127778
3 0.722656 0.315278 0.017187 0.041667
3 0.576563 0.455556 0.071875 0.166667
3 0.60703125 0.32083333333333336 0.0109375 0.041666666666666664
3 0.667188 0.358333 0.025000 0.061111
3 0.622656 0.330556 0.017188 0.044444
3 0.749219 0.336111 0.020313 0.055556
