0 0.385156 0.380556 0.026562 0.072222
0 0.317188 0.355556 0.009375 0.044444
0 0.007812 0.630556 0.015625 0.011111
0 0.330469 0.350000 0.010937 0.038889
0 0.324219 0.406944 0.048438 0.108333
0 0.544531 0.361111 0.014062 0.044444
0 0.552344 0.351389 0.007812 0.041667
4 0.465625 0.356944 0.015625 0.047222
4 0.717188 0.429167 0.056250 0.113889
4 0.929688 0.636111 0.137500 0.350000
4 0.453906 0.350000 0.010937 0.038889
4 0.675000 0.391667 0.028125 0.072222
4 0.707031 0.369444 0.014063 0.055556
4 0.688281 0.359722 0.014062 0.041667
3 0.527344 0.370833 0.020312 0.052778
3 0.711719 0.379167 0.017188 0.052778
3 0.363281 0.362500 0.020312 0.052778
1 0.601562 0.350000 0.009375 0.033333
1 0.628906 0.350000 0.007812 0.033333
2 0.410937 0.337500 0.012500 0.047222
2 0.357812 0.333333 0.009375 0.044444
