4 0.4002604166666666 0.36620370370370364 0.022395833333333347 0.06388888888888888
0 0.9794270833333332 0.6939814814814814 0.041145833333333215 0.23518518518518508
0 0.14140625 0.325 0.019791666666666652 0.05277777777777778
0 0.22760416666666666 0.325 0.011979166666666697 0.037962962962962934
3 0.27109375 0.34444444444444444 0.0234375 0.06296296296296297
0 0.4309895833333333 0.34814814814814815 0.009895833333333392 0.026851851851851825
2 0.5341145833333333 0.35648148148148145 0.0125 0.04351851851851853
3 0.36640625 0.3435185185185185 0.0140625 0.03703703703703702
0 0.3809895833333333 0.3527777777777778 0.016145833333333304 0.05277777777777778
2 0.33671875 0.31805555555555554 0.014583333333333304 0.048148148148148176
4 0.48828125 0.35787037037037034 0.0125 0.03703703703703702
2 0.4567708333333333 0.3504629629629629 0.016145833333333394 0.056481481481481466
0 0.9794270833333332 0.7296296296296295 0.041145833333333215 0.16111111111111112
3 0.19296875 0.31296296296296294 0.017708333333333326 0.05370370370370373