2 0.210938 0.372222 0.009375 0.027778
2 0.24375 0.3736111111111111 0.009375 0.030555555555555555
2 0.178125 0.369444 0.009375 0.027778
2 0.252344 0.369444 0.007812 0.027778
2 0.271094 0.376389 0.007812 0.030556
2 0.282031 0.375000 0.007812 0.033333
2 0.203125 0.369444 0.006250 0.027778
2 0.314844 0.375000 0.007812 0.027778
2 0.324219 0.373611 0.007812 0.025000
2 0.232812 0.375000 0.006250 0.011111
2 0.352344 0.379167 0.007812 0.030556
2 0.397656 0.379167 0.007812 0.030556
2 0.379688 0.375000 0.006250 0.027778
3 0.129688 0.370833 0.003125 0.013889
