2 0.760156 0.356944 0.054688 0.147222
2 0.582812 0.329167 0.031250 0.102778
2 0.203125 0.302778 0.025000 0.083333
3 0.745313 0.322222 0.015625 0.050000
3 0.02109375 0.325 0.0359375 0.08333333333333333
3 0.248437 0.333333 0.031250 0.072222
3 0.639063 0.330556 0.025000 0.061111
3 0.523438 0.377778 0.050000 0.111111
3 0.521875 0.305556 0.012500 0.038889
1 0.4114583333333333 0.3226851851851852 0.022916666666666606 0.06759259259259254
2 0.44375 0.30092592592592593 0.022916666666666606 0.07407407407407404
2 0.6669270833333333 0.3032407407407407 0.022395833333333393 0.06944444444444445
