2 0.292969 0.373611 0.060937 0.063889
2 0.670312 0.316667 0.015625 0.061111
2 0.904687 0.320833 0.018750 0.063889
2 0.492188 0.326389 0.025000 0.080556
2 0.957031 0.347222 0.029688 0.094444
3 0.806250 0.341667 0.018750 0.055556
3 0.810937 0.372222 0.034375 0.083333
3 0.437500 0.390278 0.040625 0.102778
3 0.446094 0.348611 0.017188 0.069444
3 0.362500 0.570833 0.156250 0.319444
3 0.680469 0.350000 0.023438 0.061111
3 0.592188 0.437500 0.068750 0.147222
3 0.53984375 0.3263888888888889 0.0203125 0.05277777777777778
3 0.783594 0.327778 0.017188 0.044444
