0 0.835938 0.344444 0.015625 0.038889
0 0.860156 0.448611 0.073437 0.169444
0 0.852344 0.354167 0.014062 0.047222
0 0.807813 0.395833 0.040625 0.102778
0 0.899219 0.368056 0.023438 0.058333
4 0.985156 0.406944 0.026562 0.102778
4 0.654688 0.355556 0.021875 0.055556
4 0.336719 0.415278 0.067188 0.147222
4 0.673438 0.345833 0.015625 0.047222
4 0.500781 0.370833 0.029687 0.086111
4 0.68984375 0.3388888888888889 0.0140625 0.03888888888888889
3 0.798437 0.379167 0.025000 0.069444
3 0.556250 0.358333 0.021875 0.050000
1 0.560156 0.515278 0.095313 0.275000
