3 0.576562 0.380556 0.018750 0.050000
3 0.400781 0.355556 0.014063 0.038889
3 0.5953125 0.37083333333333335 0.015625 0.03611111111111111
3 0.842187 0.391667 0.015625 0.038889
3 0.492188 0.359722 0.012500 0.036111
3 0.647656 0.383333 0.017188 0.044444
3 0.557813 0.372222 0.015625 0.038889
3 0.452344 0.366667 0.017188 0.044444
3 0.681250 0.380556 0.015625 0.038889
3 0.992188 0.969444 0.012500 0.055556
3 0.853125 0.387500 0.009375 0.036111
3 0.756250 0.391667 0.018750 0.044444
3 0.630469 0.373611 0.014062 0.036111
3 0.671094 0.372222 0.010937 0.033333
3 0.740625 0.380556 0.015625 0.033333
3 0.780469 0.387500 0.017188 0.041667
