2 0.991406 0.305556 0.014062 0.066667
2 0.467969 0.355556 0.054688 0.155556
2 0.693750 0.312500 0.021875 0.075000
2 0.703125 0.312500 0.009375 0.047222
3 0.843750 0.308333 0.012500 0.038889
3 0.014063 0.362500 0.028125 0.102778
3 0.854688 0.320833 0.021875 0.052778
3 0.907812 0.420833 0.068750 0.152778
3 0.960156 0.368056 0.045312 0.102778
3 0.027344 0.818056 0.054688 0.125000
3 0.746094 0.344444 0.029688 0.077778
3 0.703125 0.312500 0.009375 0.047222
3 0.930469 0.340278 0.023438 0.075000
3 0.410937 0.345833 0.028125 0.080556
