1 0.281250 0.540278 0.071875 0.275000
1 0.133594 0.377778 0.035937 0.088889
1 0.342187 0.319444 0.009375 0.033333
2 0.429688 0.345833 0.028125 0.097222
2 0.075000 0.322222 0.021875 0.066667
2 0.471094 0.320833 0.014063 0.041667
2 0.404687 0.320833 0.015625 0.058333
2 0.814844 0.480556 0.145312 0.355556
2 0.573438 0.319444 0.012500 0.033333
2 0.465625 0.309722 0.009375 0.025000
2 0.420312 0.330556 0.015625 0.066667
2 0.225000 0.311111 0.009375 0.050000
2 0.231250 0.325000 0.015625 0.038889
2 0.562500 0.305556 0.009375 0.044444
2 0.602344 0.325000 0.014062 0.066667
2 0.394531 0.308333 0.007812 0.044444
3 0.666406 0.327778 0.010938 0.044444
3 0.613281 0.368056 0.032812 0.080556
3 0.471094 0.320833 0.014063 0.041667
3 0.573438 0.319444 0.012500 0.033333
3 0.465625 0.309722 0.009375 0.025000
3 0.112500 0.320833 0.015625 0.041667
3 0.028125 0.448611 0.056250 0.169444
3 0.310156 0.340278 0.020313 0.047222
3 0.231250 0.326389 0.015625 0.036111
3 0.655469 0.341667 0.023438 0.055556
