1 0.632031 0.363889 0.007812 0.027778
1 0.726562 0.387500 0.012500 0.041667
1 0.653125 0.463889 0.043750 0.122222
2 0.521875 0.400000 0.031250 0.105556
2 0.551562 0.354167 0.006250 0.025000
2 0.919531 0.400000 0.023438 0.066667
2 0.543750 0.384722 0.018750 0.080556
2 0.306250 0.504167 0.121875 0.313889
2 0.349219 0.408333 0.029688 0.088889
2 0.331250 0.355556 0.012500 0.066667
2 0.573438 0.372222 0.015625 0.061111
2 0.565625 0.351389 0.009375 0.041667
2 0.755469 0.358333 0.010938 0.038889
3 0.349219 0.408333 0.029688 0.088889
3 0.932813 0.479167 0.046875 0.108333
3 0.014063 0.384722 0.028125 0.097222
3 0.368750 0.362500 0.018750 0.047222
3 0.551562 0.354167 0.006250 0.025000
3 0.203125 0.362500 0.025000 0.058333
3 0.899219 0.373611 0.014062 0.030556
3 0.693750 0.375000 0.012500 0.033333
3 0.985937 0.405556 0.021875 0.044444
3 0.675000 0.413889 0.025000 0.061111
3 0.497656 0.363889 0.014062 0.038889
3 0.662500 0.362500 0.009375 0.025000
