2 0.492969 0.395833 0.026562 0.091667
2 0.667188 0.561111 0.143750 0.372222
2 0.736719 0.422222 0.042188 0.127778
2 0.037500 0.393056 0.025000 0.102778
2 0.235938 0.383333 0.009375 0.022222
2 0.953125 0.473611 0.078125 0.213889
2 0.212500 0.395833 0.031250 0.102778
2 0.030469 0.494444 0.060937 0.294444
2 0.157031 0.380556 0.010938 0.022222
2 0.290625 0.384722 0.012500 0.025000
2 0.084375 0.411111 0.043750 0.138889
2 0.336719 0.386111 0.007812 0.022222
2 0.410156 0.433333 0.057813 0.161111
3 0.126562 0.381944 0.012500 0.030556
3 0.294531 0.384722 0.004688 0.025000
3 0.157031 0.380556 0.010938 0.022222
3 0.202344 0.383333 0.004687 0.027778
3 0.327344 0.387500 0.010937 0.025000
3 0.235938 0.383333 0.009375 0.022222
3 0.289844 0.386111 0.010937 0.022222
3 0.260156 0.386111 0.010937 0.027778
3 0.336719 0.386111 0.007812 0.022222
3 0.350781 0.387500 0.010937 0.025000
3 0.387500 0.387500 0.009375 0.025000
